t,num_station,num_job,event_type
0,0,1,job start
0,1,1,job start
0,2,1,job start
0,3,1,job start
0,4,1,job start
2.476,1,1,job finish
2.542,2,1,job finish
2.542,2,2,job start
2.928,4,1,job finish
2.937,0,1,job finish
2.937,1,2,job start
2.937,0,2,job start
3.698,3,1,job finish
3.698,4,2,job start
3.698,3,2,job start
5.239,2,2,job finish
6.145,3,2,job finish
6.145,3,3,job start
6.213,4,2,job finish
6.213,4,3,job start
7.091,1,2,job finish
7.091,2,3,job start
8.021,0,2,job finish
8.021,1,3,job start
8.021,0,3,job start
9.083,3,3,job finish
12.104,2,3,job finish
12.104,3,4,job start
15.168,4,3,job finish
15.168,4,4,job start
16.011,3,4,job finish
16.226,0,3,job finish
16.226,0,4,job start
19.176,1,3,job finish
19.176,2,4,job start
19.176,1,4,job start
19.639,4,4,job finish
19.639,4,5,job start
20.087,0,4,job finish
20.087,0,5,job start
21.306,2,4,job finish
21.306,3,5,job start
22.053,4,5,job finish
23.18,1,4,job finish
23.18,2,5,job start
23.18,1,5,job start
23.872,3,5,job finish
23.872,4,6,job start
23.894,0,5,job finish
23.894,0,6,job start
25.452,1,5,job finish
25.452,1,6,job start
25.936,4,6,job finish
26.176,0,6,job finish
26.176,0,7,job start
26.807,2,5,job finish
26.807,3,6,job start
26.807,2,6,job start
28.511,1,6,job finish
28.511,1,7,job start
29.018,2,6,job finish
29.018,2,7,job start
30.316,0,7,job finish
30.316,0,8,job start
31.895,2,7,job finish
32.044,3,6,job finish
32.044,4,7,job start
32.044,3,7,job start
32.191,1,7,job finish
32.191,2,8,job start
32.191,1,8,job start
33.5,0,8,job finish
33.5,0,9,job start
34.131,4,7,job finish
34.676,1,8,job finish
34.676,1,9,job start
35.039,2,8,job finish
35.039,2,9,job start
35.259,3,7,job finish
35.259,4,8,job start
35.259,3,8,job start
37.17,2,9,job finish
37.277,4,8,job finish
37.566,0,9,job finish
37.566,0,10,job start
38.834,1,9,job finish
38.834,2,10,job start
38.834,1,10,job start
40.704,0,10,job finish
40.704,0,11,job start
41.335,2,10,job finish
41.617,3,8,job finish
41.617,4,9,job start
41.617,3,9,job start
42.718,1,10,job finish
42.718,2,11,job start
42.718,1,11,job start
42.788,0,11,job finish
42.788,0,12,job start
45.37,0,12,job finish
45.37,0,13,job start
45.963,1,11,job finish
45.963,1,12,job start
46.232,4,9,job finish
46.73,3,9,job finish
46.73,4,10,job start
46.73,3,10,job start
47.216,2,11,job finish
47.216,2,12,job start
48.415,0,13,job finish
48.415,0,14,job start
49.4,2,12,job finish
49.831,4,10,job finish
52.239,0,14,job finish
52.239,0,15,job start
52.365,3,10,job finish
52.365,4,11,job start
52.365,3,11,job start
53.523,1,12,job finish
53.523,2,13,job start
53.523,1,13,job start
58.412,0,15,job finish
58.412,0,16,job start
58.504,3,11,job finish
58.504,3,12,job start
58.608,1,13,job finish
58.608,1,14,job start
59.923,2,13,job finish
59.923,2,14,job start
60.841,4,11,job finish
60.841,4,12,job start
61.517,1,14,job finish
61.517,1,15,job start
62.179,2,14,job finish
62.179,2,15,job start
64.92,3,12,job finish
64.92,3,13,job start
67.877,1,15,job finish
67.877,1,16,job start
67.98,2,15,job finish
67.98,2,16,job start
68.694,3,13,job finish
68.694,3,14,job start
68.743,0,16,job finish
68.743,0,17,job start
69.484,4,12,job finish
69.484,4,13,job start
71.51,4,13,job finish
71.51,4,14,job start
71.566,3,14,job finish
71.566,3,15,job start
72.528,1,16,job finish
72.528,1,17,job start
72.756,2,16,job finish
72.756,2,17,job start
74.267,4,14,job finish
74.267,4,15,job start
76.961,2,17,job finish
77.193,3,15,job finish
77.193,3,16,job start
78.545,4,15,job finish
78.545,4,16,job start
79.952,3,16,job finish
79.952,3,17,job start
80.662,4,16,job finish
80.662,4,17,job start
82.087,0,17,job finish
82.087,0,18,job start
82.72,3,17,job finish
82.72,3,18,job start
83.301,4,17,job finish
83.301,4,18,job start
84.432,0,18,job finish
84.432,0,19,job start
86.653,1,17,job finish
86.653,2,18,job start
86.653,1,18,job start
86.88,4,18,job finish
87.887,0,19,job finish
87.887,0,20,job start
89.721,2,18,job finish
89.785,3,18,job finish
89.785,4,19,job start
89.785,3,19,job start
92.964,4,19,job finish
93.219,3,19,job finish
93.219,4,20,job start
94.343,0,20,job finish
94.343,0,21,job start
94.902,1,18,job finish
94.902,2,19,job start
94.902,1,19,job start
95.879,4,20,job finish
98.113,2,19,job finish
98.113,3,20,job start
98.688,0,21,job finish
98.688,0,22,job start
102.16,3,20,job finish
102.16,4,21,job start
103.228,1,19,job finish
103.228,2,20,job start
103.228,1,20,job start
104.55,0,22,job finish
104.55,0,23,job start
105.611,2,20,job finish
105.611,3,21,job start
106.486,4,21,job finish
107.179,1,20,job finish
107.179,2,21,job start
107.179,1,21,job start
108.763,0,23,job finish
108.763,0,24,job start
109.961,3,21,job finish
109.961,4,22,job start
111.441,0,24,job finish
111.441,0,25,job start
111.64,2,21,job finish
111.64,3,22,job start
113.98,0,25,job finish
113.98,0,26,job start
114.135,4,22,job finish
115.138,3,22,job finish
115.138,4,23,job start
115.447,1,21,job finish
115.447,2,22,job start
115.447,1,22,job start
117.28,0,26,job finish
117.28,0,27,job start
118.258,2,22,job finish
118.258,3,23,job start
119.024,1,22,job finish
119.024,2,23,job start
119.024,1,23,job start
121.393,0,27,job finish
121.393,0,28,job start
121.78,4,23,job finish
122.339,1,23,job finish
122.339,1,24,job start
122.47,2,23,job finish
122.47,2,24,job start
123.129,3,23,job finish
123.129,4,24,job start
123.129,3,24,job start
124.848,2,24,job finish
125.242,0,28,job finish
125.242,0,29,job start
126.202,3,24,job finish
126.202,3,25,job start
127.274,4,24,job finish
127.274,4,25,job start
127.576,0,29,job finish
129.438,1,24,job finish
129.438,2,25,job start
129.438,1,25,job start
129.438,0,30,job start
130.302,3,25,job finish
131.657,2,25,job finish
131.657,3,26,job start
131.931,4,25,job finish
131.931,4,26,job start
132.044,1,25,job finish
132.044,2,26,job start
132.044,1,26,job start
132.43,0,30,job finish
132.43,0,31,job start
134.692,3,26,job finish
135.136,2,26,job finish
135.136,3,27,job start
136.002,4,26,job finish
136.002,4,27,job start
136.793,0,31,job finish
137.213,1,26,job finish
137.213,2,27,job start
137.213,1,27,job start
137.213,0,32,job start
138.312,4,27,job finish
138.944,3,27,job finish
138.944,4,28,job start
139.239,0,32,job finish
139.952,1,27,job finish
139.952,1,28,job start
139.952,0,33,job start
142.18,0,33,job finish
142.241,4,28,job finish
142.668,1,28,job finish
142.668,1,29,job start
142.668,0,34,job start
144.692,0,34,job finish
145.71,2,27,job finish
145.71,3,28,job start
145.71,2,28,job start
145.921,1,29,job finish
145.921,1,30,job start
145.921,0,35,job start
148.472,0,35,job finish
148.54,3,28,job finish
148.54,4,29,job start
148.942,2,28,job finish
148.942,3,29,job start
148.942,2,29,job start
151.624,3,29,job finish
151.737,2,29,job finish
151.737,3,30,job start
151.737,2,30,job start
152.152,4,29,job finish
152.152,4,30,job start
152.662,1,30,job finish
152.662,1,31,job start
152.662,0,36,job start
154.753,0,36,job finish
155.549,3,30,job finish
155.944,1,31,job finish
155.944,1,32,job start
155.944,0,37,job start
157.006,4,30,job finish
157.006,4,31,job start
158.071,2,30,job finish
158.071,3,31,job start
158.071,2,31,job start
158.343,1,32,job finish
158.343,1,33,job start
161.03,0,37,job finish
161.03,0,38,job start
161.093,4,31,job finish
161.719,2,31,job finish
161.719,2,32,job start
163.378,0,38,job finish
164.254,1,33,job finish
164.254,1,34,job start
164.254,0,39,job start
165.18,3,31,job finish
165.18,4,32,job start
165.18,3,32,job start
167.107,2,32,job finish
167.107,2,33,job start
167.806,3,32,job finish
167.806,3,33,job start
167.892,4,32,job finish
167.892,4,33,job start
167.944,1,34,job finish
167.944,1,35,job start
169.17,0,39,job finish
169.17,0,40,job start
169.289,2,33,job finish
169.289,2,34,job start
170.567,4,33,job finish
170.613,3,33,job finish
170.613,4,34,job start
170.613,3,34,job start
171.132,1,35,job finish
171.132,1,36,job start
172.348,2,34,job finish
172.348,2,35,job start
172.972,0,40,job finish
172.972,0,41,job start
173.407,4,34,job finish
174.409,2,35,job finish
174.409,2,36,job start
175.602,1,36,job finish
175.602,1,37,job start
175.955,3,34,job finish
175.955,4,35,job start
175.955,3,35,job start
176.13,0,41,job finish
176.13,0,42,job start
176.659,2,36,job finish
176.659,2,37,job start
178.384,1,37,job finish
178.384,1,38,job start
179.612,3,35,job finish
179.612,3,36,job start
179.794,2,37,job finish
179.794,2,38,job start
180.437,0,42,job finish
180.437,0,43,job start
181.293,4,35,job finish
181.293,4,36,job start
181.827,2,38,job finish
183.947,4,36,job finish
184.233,0,43,job finish
189.049,1,38,job finish
189.049,2,39,job start
189.049,1,39,job start
189.049,0,44,job start
190.812,3,36,job finish
190.812,4,37,job start
190.812,3,37,job start
192.848,4,37,job finish
193.201,3,37,job finish
193.201,4,38,job start
193.201,3,38,job start
193.82,2,39,job finish
196.249,0,44,job finish
198.812,3,38,job finish
198.812,3,39,job start
198.895,4,38,job finish
198.895,4,39,job start
202.736,4,39,job finish
203.52,1,39,job finish
203.52,2,40,job start
203.52,1,40,job start
203.52,0,45,job start
206.421,3,39,job finish
206.421,4,40,job start
206.421,3,40,job start
206.683,0,45,job finish
207.43,1,40,job finish
207.43,1,41,job start
207.43,0,46,job start
207.431,2,40,job finish
207.431,2,41,job start
209.401,4,40,job finish
209.832,1,41,job finish
209.832,1,42,job start
210.239,2,41,job finish
210.239,2,42,job start
210.573,0,46,job finish
210.573,0,47,job start
210.977,3,40,job finish
210.977,4,41,job start
210.977,3,41,job start
213.728,4,41,job finish
213.856,2,42,job finish
213.929,3,41,job finish
213.929,4,42,job start
213.929,3,42,job start
214.861,1,42,job finish
214.861,2,43,job start
214.861,1,43,job start
216.131,4,42,job finish
218.315,1,43,job finish
218.315,1,44,job start
218.488,2,43,job finish
218.488,2,44,job start
218.713,3,42,job finish
218.713,4,43,job start
218.713,3,43,job start
220.927,1,44,job finish
220.927,1,45,job start
221.443,3,43,job finish
221.443,3,44,job start
221.592,4,43,job finish
221.592,4,44,job start
221.748,0,47,job finish
221.748,0,48,job start
224.28,0,48,job finish
224.28,0,49,job start
224.48,4,44,job finish
227.996,3,44,job finish
227.996,4,45,job start
228.527,2,44,job finish
228.527,3,45,job start
228.527,2,45,job start
228.85,0,49,job finish
228.85,0,50,job start
230.689,2,45,job finish
230.906,1,45,job finish
230.906,2,46,job start
230.906,1,46,job start
231.342,4,45,job finish
233.112,0,50,job finish
233.112,0,51,job start
233.825,3,45,job finish
233.825,4,46,job start
233.825,3,46,job start
234.304,1,46,job finish
234.304,1,47,job start
234.585,2,46,job finish
234.585,2,47,job start
237.08,3,46,job finish
237.08,3,47,job start
237.147,4,46,job finish
237.147,4,47,job start
237.737,1,47,job finish
237.737,1,48,job start
238.486,2,47,job finish
238.486,2,48,job start
238.562,0,51,job finish
238.562,0,52,job start
239.929,4,47,job finish
240.822,1,48,job finish
240.822,1,49,job start
241.246,2,48,job finish
241.246,2,49,job start
241.422,0,52,job finish
241.422,0,53,job start
242.483,3,47,job finish
242.483,4,48,job start
242.483,3,48,job start
243.604,1,49,job finish
243.604,1,50,job start
245.275,2,49,job finish
245.275,2,50,job start
246.161,4,48,job finish
246.461,1,50,job finish
246.461,1,51,job start
246.629,0,53,job finish
246.629,0,54,job start
249.135,2,50,job finish
249.135,2,51,job start
249.318,0,54,job finish
249.318,0,55,job start
249.472,1,51,job finish
249.472,1,52,job start
249.498,3,48,job finish
249.498,4,49,job start
249.498,3,49,job start
251.58,4,49,job finish
252.06,0,55,job finish
252.06,0,56,job start
253.741,1,52,job finish
253.741,1,53,job start
253.8,2,51,job finish
253.8,2,52,job start
255.614,3,49,job finish
255.614,4,50,job start
255.614,3,50,job start
256.212,1,53,job finish
256.212,1,54,job start
256.932,0,56,job finish
256.932,0,57,job start
258.043,2,52,job finish
258.043,2,53,job start
259.188,3,50,job finish
259.188,3,51,job start
259.711,0,57,job finish
259.711,0,58,job start
260.282,1,54,job finish
260.282,1,55,job start
261.72,4,50,job finish
261.72,4,51,job start
263.465,0,58,job finish
263.465,0,59,job start
263.825,3,51,job finish
263.825,3,52,job start
264.438,4,51,job finish
264.438,4,52,job start
265.722,2,53,job finish
265.722,2,54,job start
265.802,1,55,job finish
265.802,1,56,job start
267.037,0,59,job finish
267.037,0,60,job start
267.869,2,54,job finish
267.869,2,55,job start
268.392,4,52,job finish
268.429,3,52,job finish
268.429,4,53,job start
268.429,3,53,job start
270.635,4,53,job finish
271.762,0,60,job finish
271.762,0,61,job start
273.849,0,61,job finish
274.628,1,56,job finish
274.628,1,57,job start
274.628,0,62,job start
275.445,3,53,job finish
275.445,4,54,job start
275.445,3,54,job start
276.203,2,55,job finish
276.203,2,56,job start
278.05,0,62,job finish
278.132,1,57,job finish
278.132,1,58,job start
278.132,0,63,job start
279.108,4,54,job finish
279.508,2,56,job finish
279.508,2,57,job start
280.578,3,54,job finish
280.578,4,55,job start
280.578,3,55,job start
280.648,0,63,job finish
282.963,2,57,job finish
282.963,2,58,job start
283.065,3,55,job finish
283.065,3,56,job start
284.353,4,55,job finish
284.353,4,56,job start
284.874,1,58,job finish
284.874,1,59,job start
284.874,0,64,job start
286.271,2,58,job finish
286.271,2,59,job start
286.655,4,56,job finish
287.825,0,64,job finish
288.08,3,56,job finish
288.08,4,57,job start
288.08,3,57,job start
289.203,2,59,job finish
289.59,1,59,job finish
289.59,2,60,job start
289.59,1,60,job start
289.59,0,65,job start
290.958,4,57,job finish
291.207,3,57,job finish
291.207,4,58,job start
291.207,3,58,job start
292.288,0,65,job finish
293.846,4,58,job finish
294.097,2,60,job finish
294.536,3,58,job finish
294.536,4,59,job start
294.536,3,59,job start
297.546,1,60,job finish
297.546,2,61,job start
297.546,1,61,job start
297.546,0,66,job start
299.027,4,59,job finish
299.592,0,66,job finish
300.005,2,61,job finish
300.637,3,59,job finish
300.637,4,60,job start
300.637,3,60,job start
303.444,4,60,job finish
304.853,1,61,job finish
304.853,2,62,job start
304.853,1,62,job start
304.853,0,67,job start
307.304,1,62,job finish
307.304,1,63,job start
307.677,3,60,job finish
307.677,4,61,job start
307.677,3,61,job start
309.54,0,67,job finish
309.54,0,68,job start
309.774,2,62,job finish
309.774,2,63,job start
310.664,3,61,job finish
310.664,3,62,job start
312.823,2,63,job finish
313.293,4,61,job finish
313.293,4,62,job start
313.44,0,68,job finish
316.468,4,62,job finish
316.914,3,62,job finish
316.914,4,63,job start
316.914,3,63,job start
319.954,3,63,job finish
319.954,3,64,job start
321.494,4,63,job finish
321.494,4,64,job start
323.158,3,64,job finish
324.476,4,64,job finish
324.476,4,65,job start
326.323,1,63,job finish
326.323,2,64,job start
326.323,1,64,job start
326.323,0,69,job start
327.205,4,65,job finish
330.058,0,69,job finish
330.659,2,64,job finish
330.659,3,65,job start
333.015,3,65,job finish
333.015,4,66,job start
337.323,4,66,job finish
340.109,1,64,job finish
340.109,2,65,job start
340.109,1,65,job start
340.109,0,70,job start
342.556,1,65,job finish
342.556,1,66,job start
342.607,0,70,job finish
342.607,0,71,job start
343.649,2,65,job finish
343.649,3,66,job start
343.649,2,66,job start
346.169,2,66,job finish
347.146,0,71,job finish
348.168,3,66,job finish
348.168,4,67,job start
348.168,3,67,job start
352.106,4,67,job finish
352.298,3,67,job finish
352.298,4,68,job start
352.911,1,66,job finish
352.911,2,67,job start
352.911,1,67,job start
352.911,0,72,job start
354.937,2,67,job finish
354.937,3,68,job start
355.791,4,68,job finish
356.833,0,72,job finish
359.863,1,67,job finish
359.863,2,68,job start
359.863,1,68,job start
359.863,0,73,job start
360.378,3,68,job finish
360.378,4,69,job start
361.989,2,68,job finish
361.989,3,69,job start
363.854,1,68,job finish
363.854,2,69,job start
363.854,1,69,job start
364.289,0,73,job finish
364.289,0,74,job start
365.084,4,69,job finish
367.288,2,69,job finish
368.231,3,69,job finish
368.231,4,70,job start
368.231,3,70,job start
368.513,0,74,job finish
370.533,4,70,job finish
370.982,1,69,job finish
370.982,2,70,job start
370.982,1,70,job start
370.982,0,75,job start
373.505,2,70,job finish
373.652,0,75,job finish
375.25,3,70,job finish
375.25,4,71,job start
375.25,3,71,job start
375.43,1,70,job finish
375.43,2,71,job start
375.43,1,71,job start
375.43,0,76,job start
378.355,3,71,job finish
379.052,2,71,job finish
379.052,3,72,job start
379.311,0,76,job finish
379.655,1,71,job finish
379.655,2,72,job start
379.655,1,72,job start
379.655,0,77,job start
381.521,4,71,job finish
381.521,4,72,job start
382.19,2,72,job finish
382.43,1,72,job finish
382.43,2,73,job start
382.43,1,73,job start
382.452,0,77,job finish
382.452,0,78,job start
383.094,3,72,job finish
383.094,3,73,job start
385.426,4,72,job finish
385.426,4,73,job start
385.782,2,73,job finish
385.91,0,78,job finish
386.882,1,73,job finish
386.882,2,74,job start
386.882,1,74,job start
386.882,0,79,job start
388.958,0,79,job finish
389.208,2,74,job finish
389.991,3,73,job finish
389.991,3,74,job start
391.093,4,73,job finish
391.093,4,74,job start
391.678,1,74,job finish
391.678,2,75,job start
391.678,1,75,job start
391.678,0,80,job start
394.81,1,75,job finish
394.81,1,76,job start
395.249,2,75,job finish
395.249,2,76,job start
395.912,0,80,job finish
395.912,0,81,job start
396.516,4,74,job finish
398.319,3,74,job finish
398.319,4,75,job start
398.319,3,75,job start
398.716,2,76,job finish
398.912,0,81,job finish
400.445,1,76,job finish
400.445,2,77,job start
400.445,1,77,job start
400.445,0,82,job start
400.685,3,75,job finish
400.685,3,76,job start
402.698,2,77,job finish
403.935,0,82,job finish
404.686,3,76,job finish
404.686,3,77,job start
405.469,4,75,job finish
405.469,4,76,job start
406.938,3,77,job finish
406.938,3,78,job start
407.953,4,76,job finish
407.953,4,77,job start
408.052,1,77,job finish
408.052,2,78,job start
408.052,1,78,job start
408.052,0,83,job start
411.008,4,77,job finish
411.008,4,78,job start
411.109,0,83,job finish
413.412,2,78,job finish
417.521,1,78,job finish
417.521,2,79,job start
417.521,1,79,job start
417.521,0,84,job start
419.374,4,78,job finish
419.524,3,78,job finish
419.524,4,79,job start
419.524,3,79,job start
419.805,0,84,job finish
419.906,2,79,job finish
420.058,1,79,job finish
420.058,2,80,job start
420.058,1,80,job start
420.058,0,85,job start
421.837,4,79,job finish
422.514,1,80,job finish
422.514,1,81,job start
425.558,2,80,job finish
425.558,2,81,job start
426.015,3,79,job finish
426.015,4,80,job start
426.015,3,80,job start
426.721,0,85,job finish
426.721,0,86,job start
428.164,2,81,job finish
429.485,4,80,job finish
429.628,0,86,job finish
435.613,1,81,job finish
435.613,2,82,job start
435.613,1,82,job start
435.613,0,87,job start
437.623,0,87,job finish
438.139,3,80,job finish
438.139,4,81,job start
438.139,3,81,job start
439.978,1,82,job finish
439.978,1,83,job start
439.978,0,88,job start
440.975,4,81,job finish
441.749,3,81,job finish
441.749,4,82,job start
441.749,3,82,job start
441.783,2,82,job finish
441.783,2,83,job start
443.789,2,83,job finish
444.279,1,83,job finish
444.279,2,84,job start
444.279,1,84,job start
446.314,4,82,job finish
446.434,3,82,job finish
446.434,4,83,job start
446.434,3,83,job start
446.603,2,84,job finish
447.432,0,88,job finish
447.432,0,89,job start
449.089,3,83,job finish
449.089,3,84,job start
450.98,0,89,job finish
451.593,4,83,job finish
451.593,4,84,job start
451.729,1,84,job finish
451.729,2,85,job start
451.729,1,85,job start
451.729,0,90,job start
452.465,3,84,job finish
452.465,3,85,job start
454.266,1,85,job finish
454.266,1,86,job start
455.639,2,85,job finish
455.639,2,86,job start
456.639,3,85,job finish
456.639,3,86,job start
456.999,0,90,job finish
456.999,0,91,job start
457.878,2,86,job finish
458.564,4,84,job finish
458.564,4,85,job start
459.017,3,86,job finish
459.017,3,87,job start
460.257,0,91,job finish
460.721,4,85,job finish
460.721,4,86,job start
461.778,1,86,job finish
461.778,2,87,job start
461.778,1,87,job start
461.778,0,92,job start
463.456,3,87,job finish
464.055,2,87,job finish
464.055,3,88,job start
464.091,4,86,job finish
464.091,4,87,job start
464.372,0,92,job finish
466.09,1,87,job finish
466.09,2,88,job start
466.09,1,88,job start
466.09,0,93,job start
466.968,3,88,job finish
468.517,1,88,job finish
468.517,1,89,job start
469.741,2,88,job finish
469.741,3,89,job start
469.741,2,89,job start
470.761,0,93,job finish
470.761,0,94,job start
471.962,2,89,job finish
472.087,3,89,job finish
472.087,3,90,job start
473.482,1,89,job finish
473.482,2,90,job start
473.482,1,90,job start
473.667,4,87,job finish
473.667,4,88,job start
474.969,0,94,job finish
474.969,0,95,job start
476.055,3,90,job finish
476.17,2,90,job finish
476.17,3,91,job start
476.957,1,90,job finish
476.957,2,91,job start
476.957,1,91,job start
477.979,4,88,job finish
477.979,4,89,job start
478.922,3,91,job finish
479.339,0,95,job finish
479.339,0,96,job start
479.357,2,91,job finish
479.357,3,92,job start
480.666,4,89,job finish
480.666,4,90,job start
481.11,1,91,job finish
481.11,2,92,job start
481.11,1,92,job start
481.721,3,92,job finish
483.166,4,90,job finish
483.166,4,91,job start
483.669,0,96,job finish
483.669,0,97,job start
483.7,2,92,job finish
483.7,3,93,job start
484.845,1,92,job finish
484.845,2,93,job start
484.845,1,93,job start
485.773,4,91,job finish
485.773,4,92,job start
487.904,0,97,job finish
487.904,0,98,job start
490.389,2,93,job finish
491.632,3,93,job finish
491.632,3,94,job start
492.415,0,98,job finish
492.717,4,92,job finish
492.717,4,93,job start
495.474,4,93,job finish
495.474,4,94,job start
495.474,3,94,job finish
496.812,1,93,job finish
496.812,2,94,job start
496.812,1,94,job start
496.812,0,99,job start
498.489,4,94,job finish
498.489,4,95,job start
498.933,0,99,job finish
499.687,2,94,job finish
499.687,3,95,job start
500.155,1,94,job finish
500.155,2,95,job start
500.155,1,95,job start
500.155,0,100,job start
500.823,4,95,job finish
502.778,2,95,job finish
503.49,3,95,job finish
503.49,4,96,job start
503.49,3,96,job start
504.286,0,100,job finish
505.168,1,95,job finish
505.168,2,96,job start
505.168,1,96,job start
505.168,0,101,job start
505.764,3,96,job finish
507.82,2,96,job finish
507.82,3,97,job start
508.164,4,96,job finish
508.164,4,97,job start
510.483,0,101,job finish
510.665,4,97,job finish
512.444,1,96,job finish
512.444,2,97,job start
512.444,1,97,job start
512.444,0,102,job start
513.307,3,97,job finish
513.307,4,98,job start
516.826,2,97,job finish
516.826,3,98,job start
517.002,1,97,job finish
517.002,2,98,job start
517.002,1,98,job start
517.662,4,98,job finish
517.916,0,102,job finish
517.916,0,103,job start
519.426,2,98,job finish
522.401,1,98,job finish
522.401,2,99,job start
522.401,1,99,job start
522.441,3,98,job finish
522.441,4,99,job start
522.441,3,99,job start
523.14,0,103,job finish
523.14,0,104,job start
524.824,4,99,job finish
525.2,2,99,job finish
525.212,1,99,job finish
525.212,2,100,job start
525.212,1,100,job start
528.04,0,104,job finish
528.04,0,105,job start
528.166,3,99,job finish
528.166,4,100,job start
528.166,3,100,job start
529.596,2,100,job finish
530.509,4,100,job finish
531.948,1,100,job finish
531.948,2,101,job start
531.948,1,101,job start
532.29,3,100,job finish
532.29,4,101,job start
532.29,3,101,job start
532.877,0,105,job finish
532.877,0,106,job start
537.476,3,101,job finish
537.629,2,101,job finish
537.629,3,102,job start
537.928,0,106,job finish
538.494,1,101,job finish
538.494,2,102,job start
538.494,1,102,job start
538.494,0,107,job start
538.712,4,101,job finish
538.712,4,102,job start
540.92,3,102,job finish
541.136,0,107,job finish
543.097,2,102,job finish
543.097,3,103,job start
543.964,4,102,job finish
543.964,4,103,job start
545.425,1,102,job finish
545.425,2,103,job start
545.425,1,103,job start
545.425,0,108,job start
545.701,3,103,job finish
546.649,4,103,job finish
546.649,4,104,job start
547.452,0,108,job finish
547.633,2,103,job finish
547.633,3,104,job start
553.45,4,104,job finish
553.507,1,103,job finish
553.507,2,104,job start
553.507,1,104,job start
553.507,0,109,job start
556.441,2,104,job finish
557.44,0,109,job finish
557.756,3,104,job finish
557.756,4,105,job start
557.756,3,105,job start
560.232,4,105,job finish
560.298,3,105,job finish
560.298,4,106,job start
564.038,1,104,job finish
564.038,2,105,job start
564.038,1,105,job start
564.038,0,110,job start
566.511,0,110,job finish
567.286,2,105,job finish
567.286,3,106,job start
568.43,4,106,job finish
570.844,3,106,job finish
570.844,4,107,job start
571.741,1,105,job finish
571.741,2,106,job start
571.741,1,106,job start
571.741,0,111,job start
575.529,0,111,job finish
575.928,4,107,job finish
576.117,2,106,job finish
576.117,3,107,job start
576.778,1,106,job finish
576.778,2,107,job start
576.778,1,107,job start
576.778,0,112,job start
578.852,2,107,job finish
579.196,0,112,job finish
579.924,1,107,job finish
579.924,2,108,job start
579.924,1,108,job start
579.924,0,113,job start
580.642,3,107,job finish
580.642,4,108,job start
580.642,3,108,job start
583.837,4,108,job finish
584.158,3,108,job finish
584.158,4,109,job start
584.422,0,113,job finish
585.304,1,108,job finish
585.304,1,109,job start
585.304,0,114,job start
587.063,2,108,job finish
587.063,3,109,job start
587.063,2,109,job start
588.347,1,109,job finish
588.347,1,110,job start
589.161,4,109,job finish
590.763,1,110,job finish
590.763,1,111,job start
591.648,3,109,job finish
591.648,4,110,job start
592.272,0,114,job finish
592.272,0,115,job start
593.034,2,109,job finish
593.034,3,110,job start
593.034,2,110,job start
595.568,0,115,job finish
595.568,0,116,job start
596.552,4,110,job finish
597.197,2,110,job finish
597.197,2,111,job start
597.67,1,111,job finish
597.67,1,112,job start
598.225,3,110,job finish
598.225,4,111,job start
598.225,3,111,job start
598.471,0,116,job finish
598.471,0,117,job start
599.48,2,111,job finish
599.48,2,112,job start
600.136,1,112,job finish
600.136,1,113,job start
600.755,4,111,job finish
601.505,2,112,job finish
601.505,2,113,job start
602.199,3,111,job finish
602.199,4,112,job start
602.199,3,112,job start
604.469,1,113,job finish
604.469,1,114,job start
604.502,0,117,job finish
604.502,0,118,job start
604.917,2,113,job finish
604.917,2,114,job start
605.163,4,112,job finish
607.01,3,112,job finish
607.01,4,113,job start
607.01,3,113,job start
607.391,0,118,job finish
607.391,0,119,job start
608.401,1,114,job finish
608.401,1,115,job start
609.014,2,114,job finish
609.014,2,115,job start
611.217,4,113,job finish
611.233,3,113,job finish
611.233,4,114,job start
611.233,3,114,job start
613.317,2,115,job finish
613.682,1,115,job finish
613.682,2,116,job start
613.682,1,116,job start
613.905,3,114,job finish
613.905,3,115,job start
615.139,0,119,job finish
615.139,0,120,job start
616.418,2,116,job finish
617.273,0,120,job finish
617.273,0,121,job start
619.102,3,115,job finish
619.102,3,116,job start
620.383,0,121,job finish
620.752,4,114,job finish
620.752,4,115,job start
621.162,1,116,job finish
621.162,2,117,job start
621.162,1,117,job start
621.162,0,122,job start
622.599,3,116,job finish
622.599,3,117,job start
623.002,4,115,job finish
623.002,4,116,job start
623.291,2,117,job finish
625.082,0,122,job finish
625.123,4,116,job finish
625.123,4,117,job start
625.644,1,117,job finish
625.644,2,118,job start
625.644,1,118,job start
625.644,0,123,job start
628.709,4,117,job finish
629.293,0,123,job finish
629.443,3,117,job finish
629.443,4,118,job start
629.443,3,118,job start
630.142,1,118,job finish
630.142,1,119,job start
630.142,0,124,job start
631.979,2,118,job finish
631.979,2,119,job start
632.341,0,124,job finish
632.4,1,119,job finish
632.4,1,120,job start
632.4,0,125,job start
632.448,4,118,job finish
633.27,3,118,job finish
633.27,4,119,job start
633.27,3,119,job start
634.924,0,125,job finish
635.111,1,120,job finish
635.111,1,121,job start
635.111,0,126,job start
635.482,2,119,job finish
635.482,2,120,job start
635.796,4,119,job finish
635.9,3,119,job finish
635.9,4,120,job start
635.9,3,120,job start
637.235,0,126,job finish
638.189,1,121,job finish
638.189,1,122,job start
638.189,0,127,job start
638.334,3,120,job finish
638.522,4,120,job finish
638.522,4,121,job start
640.505,0,127,job finish
640.68,2,120,job finish
640.68,3,121,job start
640.68,2,121,job start
641.384,4,121,job finish
642.909,2,121,job finish
642.909,2,122,job start
645.143,3,121,job finish
645.143,4,122,job start
645.143,3,122,job start
646.443,1,122,job finish
646.443,1,123,job start
646.443,0,128,job start
646.906,2,122,job finish
646.906,2,123,job start
648.597,0,128,job finish
649.263,3,122,job finish
649.263,3,123,job start
650.668,4,122,job finish
650.668,4,123,job start
650.937,1,123,job finish
650.937,1,124,job start
650.937,0,129,job start
653.036,2,123,job finish
653.036,2,124,job start
653.125,0,129,job finish
653.603,1,124,job finish
653.603,1,125,job start
653.603,0,130,job start
653.744,3,123,job finish
653.744,3,124,job start
656.649,2,124,job finish
656.649,2,125,job start
657.606,1,125,job finish
657.606,1,126,job start
658.181,0,130,job finish
658.181,0,131,job start
658.299,4,123,job finish
658.299,4,124,job start
658.661,3,124,job finish
658.661,3,125,job start
660.199,2,125,job finish
660.199,2,126,job start
660.362,4,124,job finish
660.362,4,125,job start
660.833,0,131,job finish
661.522,1,126,job finish
661.522,1,127,job start
661.522,0,132,job start
661.706,3,125,job finish
661.706,3,126,job start
662.688,4,125,job finish
662.688,4,126,job start
663.334,2,126,job finish
663.334,2,127,job start
664.181,1,127,job finish
664.181,1,128,job start
664.567,0,132,job finish
664.567,0,133,job start
665.663,4,126,job finish
667.045,0,133,job finish
667.848,2,127,job finish
667.848,2,128,job start
668.17,1,128,job finish
668.17,1,129,job start
668.17,0,134,job start
668.383,3,126,job finish
668.383,4,127,job start
668.383,3,127,job start
669.985,2,128,job finish
669.985,2,129,job start
670.622,0,134,job finish
671.145,4,127,job finish
671.189,3,127,job finish
671.189,4,128,job start
671.189,3,128,job start
672.007,1,129,job finish
672.007,1,130,job start
672.007,0,135,job start
672.069,2,129,job finish
672.069,2,130,job start
673.772,4,128,job finish
674.644,2,130,job finish
674.885,3,128,job finish
674.885,4,129,job start
674.885,3,129,job start
675.461,1,130,job finish
675.461,2,131,job start
675.461,1,131,job start
676.905,4,129,job finish
679.193,2,131,job finish
681.234,1,131,job finish
681.234,2,132,job start
681.234,1,132,job start
682.143,0,135,job finish
682.143,0,136,job start
682.944,3,129,job finish
682.944,4,130,job start
682.944,3,130,job start
685.062,2,132,job finish
686.028,0,136,job finish
686.028,0,137,job start
686.53,1,132,job finish
686.53,2,133,job start
686.53,1,133,job start
688.929,1,133,job finish
688.929,1,134,job start
689.061,3,130,job finish
689.061,3,131,job start
689.175,4,130,job finish
689.175,4,131,job start
689.917,0,137,job finish
689.917,0,138,job start
691.821,2,133,job finish
691.821,2,134,job start
691.934,0,138,job finish
691.934,0,139,job start
692.068,1,134,job finish
692.068,1,135,job start
693.794,4,131,job finish
694.282,2,134,job finish
694.282,2,135,job start
694.652,1,135,job finish
694.652,1,136,job start
695.02,0,139,job finish
695.02,0,140,job start
695.777,3,131,job finish
695.777,4,132,job start
695.777,3,132,job start
696.764,2,135,job finish
696.764,2,136,job start
697.189,0,140,job finish
697.189,0,141,job start
697.792,1,136,job finish
697.792,1,137,job start
699.171,2,136,job finish
699.171,2,137,job start
700.589,1,137,job finish
700.589,1,138,job start
700.684,0,141,job finish
700.684,0,142,job start
701.083,3,132,job finish
701.083,3,133,job start
702.812,2,137,job finish
702.812,2,138,job start
703.146,1,138,job finish
703.146,1,139,job start
703.582,4,132,job finish
703.582,4,133,job start
704.032,0,142,job finish
704.032,0,143,job start
706.148,1,139,job finish
706.148,1,140,job start
706.193,0,143,job finish
706.193,0,144,job start
706.451,3,133,job finish
706.451,3,134,job start
708.217,0,144,job finish
708.217,0,145,job start
708.566,2,138,job finish
708.566,2,139,job start
708.789,4,133,job finish
708.789,4,134,job start
709.23,1,140,job finish
709.23,1,141,job start
709.619,3,134,job finish
709.619,3,135,job start
710.686,2,139,job finish
710.686,2,140,job start
711.52,1,141,job finish
711.52,1,142,job start
712.026,3,135,job finish
712.026,3,136,job start
712.734,4,134,job finish
712.734,4,135,job start
713.328,0,145,job finish
713.328,0,146,job start
714.847,1,142,job finish
714.847,1,143,job start
714.938,2,140,job finish
714.938,2,141,job start
715.578,4,135,job finish
715.578,4,136,job start
716.21,0,146,job finish
716.21,0,147,job start
717.889,3,136,job finish
717.889,3,137,job start
717.898,1,143,job finish
717.898,1,144,job start
718.115,4,136,job finish
718.115,4,137,job start
719.633,2,141,job finish
719.633,2,142,job start
721.308,3,137,job finish
721.308,3,138,job start
721.658,4,137,job finish
721.658,4,138,job start
721.673,0,147,job finish
721.673,0,148,job start
723.648,3,138,job finish
723.648,3,139,job start
723.898,0,148,job finish
723.898,0,149,job start
725.475,2,142,job finish
725.475,2,143,job start
726.316,1,144,job finish
726.316,1,145,job start
727.038,0,149,job finish
727.038,0,150,job start
727.794,4,138,job finish
727.794,4,139,job start
728.582,3,139,job finish
728.582,3,140,job start
729.617,2,143,job finish
729.617,2,144,job start
731.49,3,140,job finish
731.49,3,141,job start
732.952,2,144,job finish
732.952,2,145,job start
734.538,4,139,job finish
734.538,4,140,job start
735.322,1,145,job finish
735.322,1,146,job start
735.622,2,145,job finish
735.622,2,146,job start
737.942,0,150,job finish
737.942,0,151,job start
738.224,4,140,job finish
738.224,4,141,job start
739.504,2,146,job finish
740.143,0,151,job finish
742.262,4,141,job finish
743.479,1,146,job finish
743.479,1,147,job start
743.479,0,152,job start
743.89,3,141,job finish
743.89,4,142,job start
743.89,3,142,job start
743.89,2,147,job start
746.116,2,147,job finish
746.242,4,142,job finish
746.392,3,142,job finish
746.392,4,143,job start
746.392,3,143,job start
747.211,0,152,job finish
747.222,1,147,job finish
747.222,2,148,job start
747.222,1,148,job start
747.222,0,153,job start
748.411,4,143,job finish
749.353,0,153,job finish
749.504,2,148,job finish
749.99,3,143,job finish
749.99,4,144,job start
749.99,3,144,job start
752.143,4,144,job finish
752.352,1,148,job finish
752.352,2,149,job start
752.352,1,149,job start
752.352,0,154,job start
754.717,1,149,job finish
754.717,1,150,job start
754.781,2,149,job finish
755.681,0,154,job finish
755.681,0,155,job start
756.521,3,144,job finish
756.521,4,145,job start
756.521,3,145,job start
756.521,2,150,job start
759.35,1,150,job finish
759.35,1,151,job start
759.386,3,145,job finish
759.386,3,146,job start
759.409,4,145,job finish
759.409,4,146,job start
759.94,2,150,job finish
759.94,2,151,job start
761.459,4,146,job finish
761.642,3,146,job finish
761.642,4,147,job start
761.642,3,147,job start
761.924,0,155,job finish
761.924,0,156,job start
764.766,4,147,job finish
765.045,1,151,job finish
765.045,1,152,job start
766.755,0,156,job finish
766.755,0,157,job start
768.081,2,151,job finish
768.081,2,152,job start
768.317,3,147,job finish
768.317,4,148,job start
768.317,3,148,job start
768.577,1,152,job finish
768.577,1,153,job start
770.14,0,157,job finish
770.14,0,158,job start
771.111,3,148,job finish
771.111,3,149,job start
771.368,4,148,job finish
771.368,4,149,job start
771.473,1,153,job finish
771.473,1,154,job start
772.204,0,158,job finish
772.204,0,159,job start
772.735,2,152,job finish
772.735,2,153,job start
774.223,1,154,job finish
774.223,1,155,job start
774.408,4,149,job finish
774.663,3,149,job finish
774.663,4,150,job start
774.663,3,150,job start
776.716,1,155,job finish
776.716,1,156,job start
776.991,3,150,job finish
776.991,3,151,job start
777.113,4,150,job finish
777.113,4,151,job start
779.851,0,159,job finish
779.851,0,160,job start
780.104,1,156,job finish
780.104,1,157,job start
780.98,3,151,job finish
780.98,3,152,job start
782.043,0,160,job finish
782.043,0,161,job start
782.419,1,157,job finish
782.419,1,158,job start
782.849,4,151,job finish
782.849,4,152,job start
784.127,2,153,job finish
784.127,2,154,job start
785.182,3,152,job finish
785.182,3,153,job start
785.238,4,152,job finish
785.238,4,153,job start
785.586,0,161,job finish
785.586,0,162,job start
786.699,2,154,job finish
786.699,2,155,job start
787.248,4,153,job finish
788.383,1,158,job finish
788.383,1,159,job start
788.584,3,153,job finish
788.584,4,154,job start
788.584,3,154,job start
790.052,2,155,job finish
790.052,2,156,job start
790.207,0,162,job finish
790.207,0,163,job start
791.236,4,154,job finish
792.114,3,154,job finish
792.114,4,155,job start
792.114,3,155,job start
792.472,1,159,job finish
792.472,1,160,job start
793.406,0,163,job finish
793.406,0,164,job start
794.774,1,160,job finish
794.774,1,161,job start
795.229,4,155,job finish
796.285,3,155,job finish
796.285,4,156,job start
796.285,3,156,job start
796.426,2,156,job finish
796.426,2,157,job start
796.792,0,164,job finish
796.792,0,165,job start
799.584,3,156,job finish
799.584,3,157,job start
799.813,4,156,job finish
799.813,4,157,job start
800.162,1,161,job finish
800.162,1,162,job start
800.948,2,157,job finish
800.948,2,158,job start
801.913,4,157,job finish
803.236,2,158,job finish
803.236,2,159,job start
803.236,0,165,job finish
803.236,0,166,job start
803.483,1,162,job finish
803.483,1,163,job start
805.055,3,157,job finish
805.055,4,158,job start
805.055,3,158,job start
805.616,0,166,job finish
805.616,0,167,job start
805.69,2,159,job finish
805.69,2,160,job start
806.637,1,163,job finish
806.637,1,164,job start
807.948,0,167,job finish
807.948,0,168,job start
808.925,3,158,job finish
808.925,3,159,job start
809.423,4,158,job finish
809.423,4,159,job start
810.091,1,164,job finish
810.091,1,165,job start
811.678,0,168,job finish
811.678,0,169,job start
812.228,4,159,job finish
812.335,3,159,job finish
812.335,4,160,job start
812.335,3,160,job start
812.706,2,160,job finish
812.706,2,161,job start
813.962,1,165,job finish
813.962,1,166,job start
814.592,4,160,job finish
816.246,3,160,job finish
816.246,4,161,job start
816.246,3,161,job start
818.294,2,161,job finish
818.294,2,162,job start
818.334,4,161,job finish
819.11,0,169,job finish
819.11,0,170,job start
820.194,1,166,job finish
820.194,1,167,job start
821.406,3,161,job finish
821.406,4,162,job start
821.406,3,162,job start
822.019,2,162,job finish
822.019,2,163,job start
824.56,2,163,job finish
824.56,2,164,job start
824.872,1,167,job finish
824.872,1,168,job start
825.145,0,170,job finish
825.145,0,171,job start
827.871,3,162,job finish
827.871,3,163,job start
828.26,2,164,job finish
828.26,2,165,job start
829.823,0,171,job finish
829.823,0,172,job start
830.137,3,163,job finish
830.137,3,164,job start
830.478,4,162,job finish
830.478,4,163,job start
830.504,2,165,job finish
830.504,2,166,job start
831.484,1,168,job finish
831.484,1,169,job start
832.411,3,164,job finish
832.411,3,165,job start
832.953,2,166,job finish
832.953,2,167,job start
833.72,4,163,job finish
833.72,4,164,job start
833.731,0,172,job finish
833.731,0,173,job start
835.018,2,167,job finish
835.018,2,168,job start
836.327,1,169,job finish
836.327,1,170,job start
836.761,4,164,job finish
836.761,4,165,job start
836.778,3,165,job finish
836.778,3,166,job start
837.15,0,173,job finish
837.15,0,174,job start
839.213,2,168,job finish
839.213,2,169,job start
839.276,0,174,job finish
839.276,0,175,job start
840.924,3,166,job finish
840.924,3,167,job start
841.524,0,175,job finish
843.107,1,170,job finish
843.107,1,171,job start
843.107,0,176,job start
844.404,4,165,job finish
844.404,4,166,job start
844.548,2,169,job finish
844.548,2,170,job start
845.492,3,167,job finish
845.492,3,168,job start
845.729,1,171,job finish
845.729,1,172,job start
847.173,4,166,job finish
847.173,4,167,job start
847.185,0,176,job finish
847.185,0,177,job start
848.153,1,172,job finish
848.153,1,173,job start
850.567,3,168,job finish
850.567,3,169,job start
850.796,0,177,job finish
850.796,0,178,job start
853.98,1,173,job finish
853.98,1,174,job start
854.332,4,167,job finish
854.332,4,168,job start
854.519,3,169,job finish
854.519,3,170,job start
855.337,2,170,job finish
855.337,2,171,job start
855.966,0,178,job finish
855.966,0,179,job start
857.057,4,168,job finish
857.057,4,169,job start
857.08,1,174,job finish
857.08,1,175,job start
858.558,0,179,job finish
858.558,0,180,job start
859.058,4,169,job finish
859.058,4,170,job start
859.561,3,170,job finish
859.561,3,171,job start
860.052,1,175,job finish
860.052,1,176,job start
860.784,0,180,job finish
860.784,0,181,job start
861.196,2,171,job finish
861.196,2,172,job start
861.366,4,170,job finish
861.366,4,171,job start
862.197,3,171,job finish
862.197,3,172,job start
864.378,2,172,job finish
864.378,2,173,job start
865.054,1,176,job finish
865.054,1,177,job start
866.617,2,173,job finish
866.617,2,174,job start
867.199,3,172,job finish
867.199,3,173,job start
868.165,4,171,job finish
868.165,4,172,job start
869.18,2,174,job finish
869.18,2,175,job start
869.27,0,181,job finish
869.27,0,182,job start
869.554,1,177,job finish
869.554,1,178,job start
870.722,4,172,job finish
870.722,4,173,job start
871.146,3,173,job finish
871.146,3,174,job start
871.646,0,182,job finish
871.646,0,183,job start
872.215,2,175,job finish
872.215,2,176,job start
872.829,4,173,job finish
872.829,4,174,job start
873.662,0,183,job finish
873.972,1,178,job finish
873.972,1,179,job start
873.972,0,184,job start
874.085,3,174,job finish
874.085,3,175,job start
874.98,2,176,job finish
874.98,2,177,job start
875.849,4,174,job finish
875.849,4,175,job start
876.285,1,179,job finish
876.285,1,180,job start
876.992,2,177,job finish
876.992,2,178,job start
878.022,3,175,job finish
878.022,3,176,job start
878.27,4,175,job finish
878.27,4,176,job start
880.345,2,178,job finish
880.345,2,179,job start
880.434,1,180,job finish
880.434,1,181,job start
880.462,3,176,job finish
880.462,3,177,job start
880.489,0,184,job finish
880.489,0,185,job start
882.642,2,179,job finish
882.642,2,180,job start
883.183,4,176,job finish
883.183,4,177,job start
883.601,3,177,job finish
883.601,3,178,job start
884.699,1,181,job finish
884.699,1,182,job start
885.326,4,177,job finish
885.326,4,178,job start
887.489,3,178,job finish
887.489,3,179,job start
888.527,2,180,job finish
888.527,2,181,job start
889.634,0,185,job finish
889.634,0,186,job start
891.108,1,182,job finish
891.108,1,183,job start
891.202,3,179,job finish
891.202,3,180,job start
891.578,2,181,job finish
891.578,2,182,job start
892.327,0,186,job finish
892.327,0,187,job start
893.769,2,182,job finish
893.769,2,183,job start
895.331,1,183,job finish
895.331,1,184,job start
895.512,3,180,job finish
895.512,3,181,job start
895.675,0,187,job finish
895.675,0,188,job start
898.047,2,183,job finish
898.047,2,184,job start
898.262,4,178,job finish
898.262,4,179,job start
899.174,0,188,job finish
899.174,0,189,job start
900.018,1,184,job finish
900.018,1,185,job start
900.881,2,184,job finish
900.881,2,185,job start
901.413,3,181,job finish
901.413,3,182,job start
901.736,4,179,job finish
901.736,4,180,job start
903.089,2,185,job finish
905.123,3,182,job finish
905.123,3,183,job start
905.506,1,185,job finish
905.506,2,186,job start
905.506,1,186,job start
906.301,4,180,job finish
906.301,4,181,job start
906.464,0,189,job finish
906.464,0,190,job start
908.472,4,181,job finish
908.472,4,182,job start
908.987,0,190,job finish
908.987,0,191,job start
910.17,3,183,job finish
910.17,3,184,job start
910.799,4,182,job finish
910.799,4,183,job start
911.288,0,191,job finish
912.029,1,186,job finish
912.029,1,187,job start
912.029,0,192,job start
912.033,2,186,job finish
912.033,2,187,job start
913.175,3,184,job finish
913.175,3,185,job start
914.795,0,192,job finish
914.835,2,187,job finish
914.921,1,187,job finish
914.921,2,188,job start
914.921,1,188,job start
914.921,0,193,job start
915.888,4,183,job finish
915.888,4,184,job start
917.552,1,188,job finish
917.552,1,189,job start
917.766,0,193,job finish
917.766,0,194,job start
918.516,2,188,job finish
918.516,2,189,job start
919.406,4,184,job finish
919.406,4,185,job start
920.116,3,185,job finish
920.116,3,186,job start
920.139,0,194,job finish
920.805,2,189,job finish
922.103,1,189,job finish
922.103,2,190,job start
922.103,1,190,job start
922.103,0,195,job start
922.409,4,185,job finish
922.409,4,186,job start
924.312,3,186,job finish
924.312,3,187,job start
924.856,4,186,job finish
924.856,4,187,job start
924.888,2,190,job finish
927.419,3,187,job finish
927.419,3,188,job start
927.849,0,195,job finish
929.011,4,187,job finish
929.011,4,188,job start
930.048,3,188,job finish
930.048,3,189,job start
930.732,1,190,job finish
930.732,2,191,job start
930.732,1,191,job start
930.732,0,196,job start
933.05,0,196,job finish
933.709,4,188,job finish
933.709,4,189,job start
933.815,3,189,job finish
933.815,3,190,job start
933.842,2,191,job finish
934.099,1,191,job finish
934.099,2,192,job start
934.099,1,192,job start
934.099,0,197,job start
935.955,4,189,job finish
935.955,4,190,job start
936.357,0,197,job finish
936.52,3,190,job finish
936.52,3,191,job start
936.551,2,192,job finish
939.196,1,192,job finish
939.196,2,193,job start
939.196,1,193,job start
939.196,0,198,job start
939.627,3,191,job finish
939.627,3,192,job start
942.748,1,193,job finish
942.748,1,194,job start
942.837,2,193,job finish
942.837,2,194,job start
943.571,4,190,job finish
943.571,4,191,job start
943.613,3,192,job finish
943.613,3,193,job start
945.77,4,191,job finish
945.77,4,192,job start
945.873,0,198,job finish
945.873,0,199,job start
947.075,1,194,job finish
947.075,1,195,job start
947.851,2,194,job finish
947.851,2,195,job start
948.159,0,199,job finish
948.159,0,200,job start
949.593,4,192,job finish
949.593,4,193,job start
950.098,3,193,job finish
950.098,3,194,job start
950.378,1,195,job finish
950.378,1,196,job start
950.381,2,195,job finish
950.381,2,196,job start
951.63,4,193,job finish
951.63,4,194,job start
951.85,0,200,job finish
951.85,0,201,job start
954.065,1,196,job finish
954.065,1,197,job start
955.023,3,194,job finish
955.023,3,195,job start
956.543,0,201,job finish
956.543,0,202,job start
957.576,4,194,job finish
957.576,4,195,job start
957.76,1,197,job finish
957.76,1,198,job start
958.217,3,195,job finish
958.217,3,196,job start
959.652,0,202,job finish
959.652,0,203,job start
960.055,2,196,job finish
960.055,2,197,job start
960.168,1,198,job finish
960.168,1,199,job start
961.462,3,196,job finish
961.462,3,197,job start
961.741,4,195,job finish
961.741,4,196,job start
961.817,0,203,job finish
961.817,0,204,job start
963.764,4,196,job finish
963.764,4,197,job start
964.159,3,197,job finish
964.477,1,199,job finish
964.477,1,200,job start
964.685,0,204,job finish
964.685,0,205,job start
966.498,2,197,job finish
966.498,3,198,job start
966.498,2,198,job start
967.37,1,200,job finish
967.37,1,201,job start
967.955,0,205,job finish
967.955,0,206,job start
969.067,3,198,job finish
969.396,2,198,job finish
969.396,3,199,job start
969.396,2,199,job start
970.01,0,206,job finish
970.04,4,197,job finish
970.04,4,198,job start
972.458,4,198,job finish
972.458,4,199,job start
972.581,1,201,job finish
972.581,1,202,job start
972.581,0,207,job start
977.412,0,207,job finish
978.076,3,199,job finish
978.213,4,199,job finish
978.213,4,200,job start
978.495,2,199,job finish
978.495,3,200,job start
978.495,2,200,job start
978.62,1,202,job finish
978.62,1,203,job start
978.62,0,208,job start
980.554,2,200,job finish
980.554,2,201,job start
981.261,0,208,job finish
982.583,2,201,job finish
982.583,2,202,job start
982.99,4,200,job finish
983.525,1,203,job finish
983.525,1,204,job start
983.525,0,209,job start
983.643,3,200,job finish
983.643,4,201,job start
983.643,3,201,job start
985.673,4,201,job finish
985.87,1,204,job finish
985.87,1,205,job start
986.531,2,202,job finish
986.531,2,203,job start
986.862,3,201,job finish
986.862,4,202,job start
986.862,3,202,job start
988.605,2,203,job finish
988.605,2,204,job start
991.134,3,202,job finish
991.134,3,203,job start
991.225,2,204,job finish
991.225,2,205,job start
991.301,0,209,job finish
991.301,0,210,job start
994.517,4,202,job finish
994.517,4,203,job start
994.746,2,205,job finish
995.575,0,210,job finish
996.585,1,205,job finish
996.585,2,206,job start
996.585,1,206,job start
996.585,0,211,job start
997.155,3,203,job finish
997.155,3,204,job start
998.077,4,203,job finish
998.077,4,204,job start
999.305,0,211,job finish
999.529,1,206,job finish
999.529,1,207,job start
999.529,0,212,job start
999.812,3,204,job finish
999.812,3,205,job start
1000.911,2,206,job finish
1000.911,2,207,job start
1002.063,0,212,job finish
1002.272,4,204,job finish
1002.272,4,205,job start
1003.086,2,207,job finish
1004.933,4,205,job finish
1005.734,1,207,job finish
1005.734,2,208,job start
1005.734,1,208,job start
1005.734,0,213,job start
1010.755,0,213,job finish
1011.029,2,208,job finish
1013.182,1,208,job finish
1013.182,2,209,job start
1013.182,1,209,job start
1013.182,0,214,job start
1016.617,3,205,job finish
1016.617,4,206,job start
1016.617,3,206,job start
1017.708,1,209,job finish
1017.708,1,210,job start
1017.773,2,209,job finish
1017.773,2,210,job start
1018.864,4,206,job finish
1020.512,0,214,job finish
1020.512,0,215,job start
1022.736,3,206,job finish
1022.736,4,207,job start
1022.736,3,207,job start
1024.186,2,210,job finish
1025.227,1,210,job finish
1025.227,2,211,job start
1025.227,1,211,job start
1026.08,3,207,job finish
1026.08,3,208,job start
1026.388,0,215,job finish
1026.388,0,216,job start
1028.572,4,207,job finish
1028.572,4,208,job start
1028.878,1,211,job finish
1028.878,1,212,job start
1029.727,3,208,job finish
1029.727,3,209,job start
1030.722,4,208,job finish
1030.722,4,209,job start
1031.031,0,216,job finish
1031.031,0,217,job start
1031.54,2,211,job finish
1031.54,2,212,job start
1033.027,3,209,job finish
1033.027,3,210,job start
1033.456,4,209,job finish
1033.456,4,210,job start
1034.818,0,217,job finish
1035.651,1,212,job finish
1035.651,1,213,job start
1035.651,0,218,job start
1036.757,2,212,job finish
1036.757,2,213,job start
1038.316,3,210,job finish
1038.316,3,211,job start
1038.938,2,213,job finish
1040.353,4,210,job finish
1040.353,4,211,job start
1041.154,0,218,job finish
1041.741,1,213,job finish
1041.741,2,214,job start
1041.741,1,214,job start
1041.741,0,219,job start
1043.795,0,219,job finish
1044.718,2,214,job finish
1044.749,4,211,job finish
1047.201,3,211,job finish
1047.201,4,212,job start
1047.201,3,212,job start
1047.306,1,214,job finish
1047.306,2,215,job start
1047.306,1,215,job start
1047.306,0,220,job start
1049.941,4,212,job finish
1050.799,2,215,job finish
1050.889,3,212,job finish
1050.889,4,213,job start
1050.889,3,213,job start
1051.248,1,215,job finish
1051.248,2,216,job start
1051.248,1,216,job start
1053.65,2,216,job finish
1054.151,4,213,job finish
1054.187,1,216,job finish
1054.187,2,217,job start
1054.187,1,217,job start
1054.287,0,220,job finish
1054.287,0,221,job start
1056.278,3,213,job finish
1056.278,4,214,job start
1056.278,3,214,job start
1057.545,2,217,job finish
1058.068,1,217,job finish
1058.068,2,218,job start
1058.068,1,218,job start
1058.91,3,214,job finish
1058.91,3,215,job start
1059.465,4,214,job finish
1059.465,4,215,job start
1060.38,0,221,job finish
1060.38,0,222,job start
1061.475,1,218,job finish
1061.475,1,219,job start
1061.849,3,215,job finish
1061.849,3,216,job start
1061.859,2,218,job finish
1061.859,2,219,job start
1062.473,4,215,job finish
1062.473,4,216,job start
1062.743,0,222,job finish
1062.743,0,223,job start
1064.524,2,219,job finish
1065.315,1,219,job finish
1065.315,2,220,job start
1065.315,1,220,job start
1065.351,4,216,job finish
1068.382,1,220,job finish
1068.382,1,221,job start
1068.929,0,223,job finish
1068.929,0,224,job start
1069.119,2,220,job finish
1069.119,2,221,job start
1070.845,1,221,job finish
1070.845,1,222,job start
1071.759,0,224,job finish
1071.759,0,225,job start
1072.054,2,221,job finish
1072.256,3,216,job finish
1072.256,4,217,job start
1072.256,3,217,job start
1072.256,2,222,job start
1074.385,2,222,job finish
1074.892,1,222,job finish
1074.892,1,223,job start
1075.787,0,225,job finish
1075.787,0,226,job start
1076.035,4,217,job finish
1077.329,3,217,job finish
1077.329,4,218,job start
1077.329,3,218,job start
1077.329,2,223,job start
1077.582,1,223,job finish
1077.582,1,224,job start
1078.967,0,226,job finish
1078.967,0,227,job start
1079.73,4,218,job finish
1079.794,2,223,job finish
1080.09,1,224,job finish
1080.09,1,225,job start
1080.89,3,218,job finish
1080.89,4,219,job start
1080.89,3,219,job start
1080.89,2,224,job start
1082.611,0,227,job finish
1082.611,0,228,job start
1083.533,3,219,job finish
1083.533,3,220,job start
1083.94,2,224,job finish
1083.94,2,225,job start
1084.415,1,225,job finish
1084.415,1,226,job start
1085.297,0,228,job finish
1085.297,0,229,job start
1085.38,4,219,job finish
1085.38,4,220,job start
1086.23,2,225,job finish
1087.223,3,220,job finish
1087.223,3,221,job start
1087.223,2,226,job start
1087.409,0,229,job finish
1087.409,0,230,job start
1088.54,4,220,job finish
1088.54,4,221,job start
1091.718,1,226,job finish
1091.718,1,227,job start
1091.779,4,221,job finish
1092.336,2,226,job finish
1092.344,0,230,job finish
1092.344,0,231,job start
1092.642,3,221,job finish
1092.642,4,222,job start
1092.642,3,222,job start
1092.642,2,227,job start
1095.106,1,227,job finish
1095.106,1,228,job start
1096.054,4,222,job finish
1096.267,2,227,job finish
1096.571,0,231,job finish
1096.571,0,232,job start
1098.295,1,228,job finish
1098.295,1,229,job start
1098.728,3,222,job finish
1098.728,4,223,job start
1098.728,3,223,job start
1098.728,2,228,job start
1099.327,0,232,job finish
1099.327,0,233,job start
1100.823,1,229,job finish
1100.823,1,230,job start
1102.298,0,233,job finish
1102.298,0,234,job start
1102.8,2,228,job finish
1102.933,3,223,job finish
1102.933,3,224,job start
1102.933,2,229,job start
1104.456,1,230,job finish
1104.456,1,231,job start
1105.348,2,229,job finish
1105.896,0,234,job finish
1105.896,0,235,job start
1106.393,4,223,job finish
1106.393,4,224,job start
1107.756,1,231,job finish
1107.756,1,232,job start
1108.883,0,235,job finish
1108.883,0,236,job start
1109.662,3,224,job finish
1109.662,3,225,job start
1109.662,2,230,job start
1110.133,4,224,job finish
1110.133,4,225,job start
1115.36,1,232,job finish
1115.36,1,233,job start
1115.409,0,236,job finish
1115.409,0,237,job start
1115.993,4,225,job finish
1116.122,2,230,job finish
1119.878,1,233,job finish
1119.878,1,234,job start
1122.467,3,225,job finish
1122.467,4,226,job start
1122.467,3,226,job start
1122.467,2,231,job start
1124.52,2,231,job finish
1124.712,4,226,job finish
1126.316,1,234,job finish
1126.316,1,235,job start
1127.522,3,226,job finish
1127.522,4,227,job start
1127.522,3,227,job start
1127.522,2,232,job start
1128.959,1,235,job finish
1128.959,1,236,job start
1129.026,0,237,job finish
1129.026,0,238,job start
1130.259,2,232,job finish
1131.028,0,238,job finish
1131.028,0,239,job start
1131.263,3,227,job finish
1131.263,3,228,job start
1131.263,2,233,job start
1131.441,1,236,job finish
1131.441,1,237,job start
1132.834,4,227,job finish
1132.834,4,228,job start
1133.728,3,228,job finish
1133.728,3,229,job start
1134.355,1,237,job finish
1134.355,1,238,job start
1135.377,4,228,job finish
1135.377,4,229,job start
1136.233,3,229,job finish
1136.233,3,230,job start
1137.79,4,229,job finish
1137.79,4,230,job start
1139.063,1,238,job finish
1139.331,0,239,job finish
1139.331,0,240,job start
1142.123,4,230,job finish
1142.131,2,233,job finish
1142.131,2,234,job start
1142.131,1,239,job start
1144.589,2,234,job finish
1144.589,2,235,job start
1145.052,3,230,job finish
1145.052,4,231,job start
1145.052,3,231,job start
1147.199,0,240,job finish
1147.199,0,241,job start
1147.562,1,239,job finish
1147.562,1,240,job start
1149.932,0,241,job finish
1149.932,0,242,job start
1150.569,2,235,job finish
1150.569,2,236,job start
1150.92,3,231,job finish
1150.92,3,232,job start
1152.478,4,231,job finish
1152.478,4,232,job start
1154.864,0,242,job finish
1154.864,0,243,job start
1155.641,1,240,job finish
1155.641,1,241,job start
1156.529,3,232,job finish
1156.529,3,233,job start
1157.613,2,236,job finish
1157.613,2,237,job start
1159.244,0,243,job finish
1159.244,0,244,job start
1159.679,2,237,job finish
1159.679,2,238,job start
1161.75,4,232,job finish
1161.75,4,233,job start
1161.979,2,238,job finish
1163.802,0,244,job finish
1163.802,0,245,job start
1165.466,3,233,job finish
1165.466,3,234,job start
1165.466,2,239,job start
1165.786,1,241,job finish
1165.786,1,242,job start
1166.09,4,233,job finish
1166.09,4,234,job start
1166.093,0,245,job finish
1166.093,0,246,job start
1167.891,3,234,job finish
1167.891,3,235,job start
1168.162,2,239,job finish
1168.162,2,240,job start
1169.711,4,234,job finish
1169.711,4,235,job start
1170.111,0,246,job finish
1170.111,0,247,job start
1170.235,2,240,job finish
1170.533,1,242,job finish
1170.533,1,243,job start
1171.983,3,235,job finish
1171.983,3,236,job start
1171.983,2,241,job start
1172.237,4,235,job finish
1172.237,4,236,job start
1173.476,0,247,job finish
1173.476,0,248,job start
1173.931,1,243,job finish
1173.931,1,244,job start
1174.869,3,236,job finish
1174.869,3,237,job start
1174.986,4,236,job finish
1174.986,4,237,job start
1175.828,2,241,job finish
1175.828,2,242,job start
1176.432,1,244,job finish
1176.432,1,245,job start
1177.614,0,248,job finish
1177.614,0,249,job start
1177.724,4,237,job finish
1179.717,0,249,job finish
1179.717,0,250,job start
1181.877,3,237,job finish
1181.877,4,238,job start
1181.877,3,238,job start
1183.045,1,245,job finish
1183.045,1,246,job start
1184.197,4,238,job finish
1184.373,3,238,job finish
1184.373,4,239,job start
1184.373,3,239,job start
1184.931,2,242,job finish
1184.931,2,243,job start
1185.396,1,246,job finish
1185.396,1,247,job start
1186.712,0,250,job finish
1186.712,0,251,job start
1188.956,4,239,job finish
1189.603,2,243,job finish
1189.603,2,244,job start
1189.711,1,247,job finish
1189.711,1,248,job start
1192.203,0,251,job finish
1192.203,0,252,job start
1193.152,3,239,job finish
1193.152,4,240,job start
1193.152,3,240,job start
1194.104,2,244,job finish
1194.104,2,245,job start
1194.131,1,248,job finish
1194.131,1,249,job start
1194.632,0,252,job finish
1194.632,0,253,job start
1195.429,3,240,job finish
1195.429,3,241,job start
1196.138,2,245,job finish
1196.138,2,246,job start
1196.755,0,253,job finish
1196.755,0,254,job start
1197.861,1,249,job finish
1197.861,1,250,job start
1198.754,4,240,job finish
1198.754,4,241,job start
1201.332,1,250,job finish
1201.332,1,251,job start
1202.356,3,241,job finish
1202.356,3,242,job start
1202.973,2,246,job finish
1202.973,2,247,job start
1203.217,4,241,job finish
1203.217,4,242,job start
1205.889,2,247,job finish
1206.786,4,242,job finish
1208.058,0,254,job finish
1208.058,0,255,job start
1209.515,1,251,job finish
1209.515,1,252,job start
1210.682,0,255,job finish
1210.682,0,256,job start
1213.613,1,252,job finish
1214.864,0,256,job finish
1214.864,0,257,job start
1217.035,0,257,job finish
1217.814,3,242,job finish
1217.814,4,243,job start
1217.814,3,243,job start
1217.814,2,248,job start
1217.814,1,253,job start
1217.814,0,258,job start
1220.071,3,243,job finish
1220.071,3,244,job start
1220.119,2,248,job finish
1220.119,2,249,job start
1220.304,0,258,job finish
1220.649,1,253,job finish
1220.649,1,254,job start
1220.649,0,259,job start
1220.828,4,243,job finish
1220.828,4,244,job start
1222.601,3,244,job finish
1222.601,3,245,job start
1223.039,2,249,job finish
1223.039,2,250,job start
1223.268,4,244,job finish
1223.268,4,245,job start
1224.912,1,254,job finish
1224.912,1,255,job start
1225.649,4,245,job finish
1227.217,3,245,job finish
1227.217,4,246,job start
1227.217,3,246,job start
1227.589,0,259,job finish
1227.589,0,260,job start
1228.694,1,255,job finish
1229.913,4,246,job finish
1230.074,3,246,job finish
1230.074,4,247,job start
1230.074,3,247,job start
1230.403,0,260,job finish
1230.886,2,250,job finish
1230.886,2,251,job start
1230.886,1,256,job start
1230.886,0,261,job start
1233.143,0,261,job finish
1233.872,2,251,job finish
1233.872,2,252,job start
1234.538,4,247,job finish
1235.423,3,247,job finish
1235.423,4,248,job start
1235.423,3,248,job start
1236.482,2,252,job finish
1236.482,2,253,job start
1238.249,1,256,job finish
1238.249,1,257,job start
1238.249,0,262,job start
1240.126,2,253,job finish
1240.571,4,248,job finish
1241.816,0,262,job finish
1241.877,1,257,job finish
1241.877,1,258,job start
1241.877,0,263,job start
1242.44,3,248,job finish
1242.44,4,249,job start
1242.44,3,249,job start
1242.44,2,254,job start
1244.855,2,254,job finish
1245.807,4,249,job finish
1247.904,1,258,job finish
1247.904,1,259,job start
1248.163,0,263,job finish
1248.163,0,264,job start
1248.563,3,249,job finish
1248.563,4,250,job start
1248.563,3,250,job start
1248.563,2,255,job start
1250.376,1,259,job finish
1250.376,1,260,job start
1250.638,2,255,job finish
1250.698,4,250,job finish
1251.679,0,264,job finish
1251.679,0,265,job start
1252.661,3,250,job finish
1252.661,4,251,job start
1252.661,3,251,job start
1252.661,2,256,job start
1254.141,0,265,job finish
1254.167,1,260,job finish
1254.167,1,261,job start
1254.167,0,266,job start
1255.426,2,256,job finish
1256.047,3,251,job finish
1256.047,3,252,job start
1256.047,2,257,job start
1257.139,0,266,job finish
1258.206,1,261,job finish
1258.206,1,262,job start
1258.206,0,267,job start
1258.882,4,251,job finish
1258.882,4,252,job start
1259.521,3,252,job finish
1259.521,3,253,job start
1260.182,2,257,job finish
1260.182,2,258,job start
1260.344,0,267,job finish
1262.776,2,258,job finish
1263.489,1,262,job finish
1263.489,1,263,job start
1263.489,0,268,job start
1263.907,4,252,job finish
1263.907,4,253,job start
1265.913,3,253,job finish
1265.913,3,254,job start
1265.913,2,259,job start
1268.018,1,263,job finish
1268.018,1,264,job start
1269.699,4,253,job finish
1269.699,4,254,job start
1270.225,2,259,job finish
1270.481,0,268,job finish
1270.481,0,269,job start
1271.305,3,254,job finish
1271.305,3,255,job start
1271.305,2,260,job start
1272.101,1,264,job finish
1272.101,1,265,job start
1273.193,0,269,job finish
1273.193,0,270,job start
1273.743,2,260,job finish
1274.452,4,254,job finish
1274.452,4,255,job start
1274.801,1,265,job finish
1275.24,3,255,job finish
1275.24,3,256,job start
1275.24,2,261,job start
1275.24,1,266,job start
1276.637,0,270,job finish
1276.637,0,271,job start
1277.76,4,255,job finish
1277.76,4,256,job start
1279.082,1,266,job finish
1279.805,0,271,job finish
1279.839,3,256,job finish
1279.839,3,257,job start
1279.995,4,256,job finish
1279.995,4,257,job start
1280.431,2,261,job finish
1280.431,2,262,job start
1280.431,1,267,job start
1280.431,0,272,job start
1282.48,4,257,job finish
1282.648,2,262,job finish
1282.985,1,267,job finish
1283.583,3,257,job finish
1283.583,4,258,job start
1283.583,3,258,job start
1283.583,2,263,job start
1283.583,1,268,job start
1285.853,1,268,job finish
1287.461,0,272,job finish
1287.461,0,273,job start
1288.302,4,258,job finish
1289.226,3,258,job finish
1289.226,4,259,job start
1289.226,3,259,job start
1289.23,2,263,job finish
1289.23,2,264,job start
1289.23,1,269,job start
1291.342,0,273,job finish
1291.342,0,274,job start
1292.561,1,269,job finish
1292.79,4,259,job finish
1294.782,2,264,job finish
1295.411,3,259,job finish
1295.411,4,260,job start
1295.411,3,260,job start
1295.411,2,265,job start
1295.411,1,270,job start
1297.482,0,274,job finish
1297.482,0,275,job start
1298.656,1,270,job finish
1298.787,3,260,job finish
1298.787,3,261,job start
1301.121,4,260,job finish
1301.121,4,261,job start
1302.078,2,265,job finish
1302.078,2,266,job start
1302.078,1,271,job start
1303.432,4,261,job finish
1304.767,2,266,job finish
1305.126,1,271,job finish
1305.997,0,275,job finish
1305.997,0,276,job start
1306.488,3,261,job finish
1306.488,4,262,job start
1306.488,3,262,job start
1306.488,2,267,job start
1306.488,1,272,job start
1309.071,4,262,job finish
1309.306,1,272,job finish
1310.78,2,267,job finish
1311.436,0,276,job finish
1311.436,0,277,job start
1311.498,3,262,job finish
1311.498,4,263,job start
1311.498,3,263,job start
1311.498,2,268,job start
1311.498,1,273,job start
1313.553,4,263,job finish
1313.738,2,268,job finish
1313.788,0,277,job finish
1313.788,0,278,job start
1316.068,3,263,job finish
1316.068,4,264,job start
1316.068,3,264,job start
1316.068,2,269,job start
1317.622,0,278,job finish
1318.0,1,273,job finish
1318.0,1,274,job start
1318.0,0,279,job start
1318.232,2,269,job finish
1318.285,4,264,job finish
1319.32,3,264,job finish
1319.32,4,265,job start
1319.32,3,265,job start
1319.32,2,270,job start
1320.538,1,274,job finish
1320.538,1,275,job start
1322.162,2,270,job finish
1323.136,3,265,job finish
1323.136,3,266,job start
1323.136,2,271,job start
1323.157,0,279,job finish
1323.157,0,280,job start
1324.361,4,265,job finish
1324.361,4,266,job start
1325.486,1,275,job finish
1325.486,1,276,job start
1327.156,4,266,job finish
1328.109,2,271,job finish
1328.985,0,280,job finish
1328.985,0,281,job start
1329.171,3,266,job finish
1329.171,4,267,job start
1329.171,3,267,job start
1329.171,2,272,job start
1331.535,4,267,job finish
1331.561,1,276,job finish
1331.561,1,277,job start
1332.785,0,281,job finish
1332.785,0,282,job start
1333.481,2,272,job finish
1334.334,1,277,job finish
1334.848,0,282,job finish
1334.876,3,267,job finish
1334.876,4,268,job start
1334.876,3,268,job start
1334.876,2,273,job start
1334.876,1,278,job start
1334.876,0,283,job start
1337.261,1,278,job finish
1337.342,0,283,job finish
1337.82,4,268,job finish
1339.009,2,273,job finish
1340.724,3,268,job finish
1340.724,4,269,job start
1340.724,3,269,job start
1340.724,2,274,job start
1340.724,1,279,job start
1340.724,0,284,job start
1343.415,1,279,job finish
1343.53,3,269,job finish
1343.53,3,270,job start
1343.873,4,269,job finish
1343.873,4,270,job start
1344.773,0,284,job finish
1345.767,2,274,job finish
1345.767,2,275,job start
1345.767,1,280,job start
1345.767,0,285,job start
1346.535,4,270,job finish
1347.886,0,285,job finish
1348.13,2,275,job finish
1348.931,3,270,job finish
1348.931,4,271,job start
1348.931,3,271,job start
1348.931,2,276,job start
1351.595,1,280,job finish
1351.595,1,281,job start
1351.595,0,286,job start
1354.019,1,281,job finish
1354.305,3,271,job finish
1354.305,3,272,job start
1354.749,2,276,job finish
1354.749,2,277,job start
1354.749,1,282,job start
1356.099,0,286,job finish
1356.099,0,287,job start
1357.368,2,277,job finish
1358.326,0,287,job finish
1359.718,3,272,job finish
1359.718,3,273,job start
1359.718,2,278,job start
1360.546,1,282,job finish
1360.546,1,283,job start
1360.546,0,288,job start
1362.631,2,278,job finish
1362.723,0,288,job finish
1363.67,4,271,job finish
1363.67,4,272,job start
1365.336,3,273,job finish
1365.336,3,274,job start
1365.336,2,279,job start
1367.498,4,272,job finish
1367.498,4,273,job start
1367.972,2,279,job finish
1368.428,3,274,job finish
1368.428,3,275,job start
1368.428,2,280,job start
1369.807,4,273,job finish
1369.807,4,274,job start
1371.77,1,283,job finish
1371.77,1,284,job start
1371.77,0,289,job start
1371.877,4,274,job finish
1371.877,4,275,job start
1373.608,2,280,job finish
1373.894,4,275,job finish
1373.926,0,289,job finish
1377.309,3,275,job finish
1377.309,4,276,job start
1377.309,3,276,job start
1377.309,2,281,job start
1379.745,4,276,job finish
1381.952,1,284,job finish
1381.952,1,285,job start
1381.952,0,290,job start
1381.971,2,281,job finish
1383.006,3,276,job finish
1383.006,4,277,job start
1383.006,3,277,job start
1383.006,2,282,job start
1384.935,0,290,job finish
1385.571,1,285,job finish
1385.571,1,286,job start
1385.571,0,291,job start
1385.573,4,277,job finish
1385.946,3,277,job finish
1385.946,4,278,job start
1385.946,3,278,job start
1387.046,2,282,job finish
1387.046,2,283,job start
1388.225,4,278,job finish
1388.456,0,291,job finish
1388.934,1,286,job finish
1388.934,1,287,job start
1388.934,0,292,job start
1389.403,3,278,job finish
1389.403,4,279,job start
1389.403,3,279,job start
1390.112,2,283,job finish
1390.112,2,284,job start
1391.806,4,279,job finish
1392.952,0,292,job finish
1394.943,2,284,job finish
1396.709,1,287,job finish
1396.709,1,288,job start
1396.709,0,293,job start
1399.701,0,293,job finish
1401.112,1,288,job finish
1401.112,1,289,job start
1401.112,0,294,job start
1402.867,3,279,job finish
1402.867,4,280,job start
1402.867,3,280,job start
1402.867,2,285,job start
1403.217,0,294,job finish
1404.196,1,289,job finish
1404.196,1,290,job start
1404.196,0,295,job start
1405.742,2,285,job finish
1406.017,4,280,job finish
1406.123,3,280,job finish
1406.123,4,281,job start
1406.123,3,281,job start
1406.123,2,286,job start
1406.551,1,290,job finish
1406.551,1,291,job start
1407.118,0,295,job finish
1407.118,0,296,job start
1408.227,2,286,job finish
1409.526,0,296,job finish
1411.47,1,291,job finish
1411.54,4,281,job finish
1417.033,3,281,job finish
1417.033,4,282,job start
1417.033,3,282,job start
1417.033,2,287,job start
1417.033,1,292,job start
1417.033,0,297,job start
1419.743,4,282,job finish
1420.385,3,282,job finish
1420.385,4,283,job start
1420.385,3,283,job start
1420.408,1,292,job finish
1420.496,0,297,job finish
1420.938,2,287,job finish
1420.938,2,288,job start
1420.938,1,293,job start
1420.938,0,298,job start
1423.407,4,283,job finish
1423.71,3,283,job finish
1423.71,4,284,job start
1423.71,3,284,job start
1424.644,1,293,job finish
1426.702,3,284,job finish
1426.702,3,285,job start
1426.747,2,288,job finish
1426.747,2,289,job start
1426.747,1,294,job start
1427.078,0,298,job finish
1427.078,0,299,job start
1427.807,4,284,job finish
1427.807,4,285,job start
1429.242,3,285,job finish
1429.242,3,286,job start
1429.434,2,289,job finish
1429.434,2,290,job start
1429.994,0,299,job finish
1430.232,1,294,job finish
1430.232,1,295,job start
1430.232,0,300,job start
1432.242,0,300,job finish
1432.514,1,295,job finish
1435.839,4,285,job finish
1435.839,4,286,job start
1436.802,2,290,job finish
1436.802,2,291,job start
1436.802,1,296,job start
1436.802,0,301,job start
1437.898,4,286,job finish
1439.502,0,301,job finish
1439.948,2,291,job finish
1440.196,1,296,job finish
1442.375,3,286,job finish
1442.375,4,287,job start
1442.375,3,287,job start
1442.375,2,292,job start
1442.375,1,297,job start
1442.375,0,302,job start
1444.98,1,297,job finish
1445.905,3,287,job finish
1445.905,3,288,job start
1447.102,2,292,job finish
1447.102,2,293,job start
1447.102,1,298,job start
1448.126,4,287,job finish
1448.126,4,288,job start
1448.135,0,302,job finish
1448.135,0,303,job start
1449.205,3,288,job finish
1449.205,3,289,job start
1449.284,2,293,job finish
1449.284,2,294,job start
1451.452,4,288,job finish
1451.452,4,289,job start
1452.428,3,289,job finish
1452.428,3,290,job start
1453.112,0,303,job finish
1453.934,1,298,job finish
1453.934,1,299,job start
1453.934,0,304,job start
1454.17,4,289,job finish
1454.17,4,290,job start
1454.781,2,294,job finish
1454.781,2,295,job start
1455.166,3,290,job finish
1455.166,3,291,job start
1456.547,4,290,job finish
1456.547,4,291,job start
1457.462,1,299,job finish
1457.462,1,300,job start
1458.158,3,291,job finish
1458.158,3,292,job start
1459.92,2,295,job finish
1459.92,2,296,job start
1460.385,1,300,job finish
1460.385,1,301,job start
1460.746,0,304,job finish
1460.746,0,305,job start
1461.353,3,292,job finish
1461.353,3,293,job start
1461.948,4,291,job finish
1461.948,4,292,job start
1462.85,1,301,job finish
1464.112,2,296,job finish
1464.112,2,297,job start
1464.112,1,302,job start
1465.12,3,293,job finish
1465.12,3,294,job start
1466.935,4,292,job finish
1466.935,4,293,job start
1467.243,0,305,job finish
1467.243,0,306,job start
1467.922,3,294,job finish
1467.922,3,295,job start
1468.021,1,302,job finish
1468.963,2,297,job finish
1468.963,2,298,job start
1468.963,1,303,job start
1470.453,4,293,job finish
1470.453,4,294,job start
1470.693,0,306,job finish
1470.693,0,307,job start
1471.21,2,298,job finish
1471.21,2,299,job start
1471.566,3,295,job finish
1471.566,3,296,job start
1471.914,1,303,job finish
1471.914,1,304,job start
1474.952,1,304,job finish
1474.998,4,294,job finish
1474.998,4,295,job start
1477.729,2,299,job finish
1477.729,2,300,job start
1477.729,1,305,job start
1477.986,4,295,job finish
1477.986,4,296,job start
1478.368,0,307,job finish
1478.368,0,308,job start
1479.226,3,296,job finish
1479.226,3,297,job start
1480.305,4,296,job finish
1480.305,4,297,job start
1480.474,0,308,job finish
1480.474,0,309,job start
1483.451,4,297,job finish
1483.507,1,305,job finish
1485.855,2,300,job finish
1485.855,2,301,job start
1485.855,1,306,job start
1487.794,0,309,job finish
1487.794,0,310,job start
1488.171,1,306,job finish
1488.366,3,297,job finish
1488.366,4,298,job start
1488.366,3,298,job start
1490.862,4,298,job finish
1490.995,3,298,job finish
1490.995,4,299,job start
1490.995,3,299,job start
1491.168,2,301,job finish
1491.168,2,302,job start
1491.168,1,307,job start
1493.291,3,299,job finish
1493.291,3,300,job start
1494.671,1,307,job finish
1495.753,4,299,job finish
1495.753,4,300,job start
1495.798,0,310,job finish
1495.798,0,311,job start
1496.491,2,302,job finish
1496.491,2,303,job start
1496.491,1,308,job start
1498.776,3,300,job finish
1498.776,3,301,job start
1499.678,1,308,job finish
1501.834,2,303,job finish
1501.834,2,304,job start
1501.834,1,309,job start
1501.873,4,300,job finish
1501.873,4,301,job start
1502.299,0,311,job finish
1502.299,0,312,job start
1503.088,3,301,job finish
1503.088,3,302,job start
1505.084,0,312,job finish
1505.084,0,313,job start
1505.853,1,309,job finish
1507.688,0,313,job finish
1507.688,0,314,job start
1507.953,4,301,job finish
1507.953,4,302,job start
1508.672,2,304,job finish
1508.672,2,305,job start
1508.672,1,310,job start
1510.752,3,302,job finish
1510.752,3,303,job start
1510.947,4,302,job finish
1510.947,4,303,job start
1511.089,2,305,job finish
1511.089,2,306,job start
1513.175,1,310,job finish
1513.175,1,311,job start
1513.823,3,303,job finish
1513.823,3,304,job start
1514.042,0,314,job finish
1514.042,0,315,job start
1514.504,2,306,job finish
1514.504,2,307,job start
1515.65,1,311,job finish
1515.65,1,312,job start
1516.008,4,303,job finish
1516.008,4,304,job start
1517.388,0,315,job finish
1517.388,0,316,job start
1517.431,3,304,job finish
1517.431,3,305,job start
1517.919,2,307,job finish
1517.919,2,308,job start
1518.212,1,312,job finish
1518.212,1,313,job start
1520.552,1,313,job finish
1520.554,4,304,job finish
1520.554,4,305,job start
1521.644,0,316,job finish
1521.644,0,317,job start
1522.579,2,308,job finish
1522.579,2,309,job start
1522.579,1,314,job start
1522.617,4,305,job finish
1524.077,0,317,job finish
1524.077,0,318,job start
1524.756,3,305,job finish
1524.756,4,306,job start
1524.756,3,306,job start
1525.477,1,314,job finish
1527.271,0,318,job finish
1527.271,0,319,job start
1527.368,3,306,job finish
1527.368,3,307,job start
1528.651,4,306,job finish
1528.651,4,307,job start
1530.489,3,307,job finish
1530.489,3,308,job start
1530.929,0,319,job finish
1532.877,3,308,job finish
1532.877,3,309,job start
1533.998,2,309,job finish
1533.998,2,310,job start
1533.998,1,315,job start
1533.998,0,320,job start
1535.663,3,309,job finish
1535.663,3,310,job start
1537.697,4,307,job finish
1537.697,4,308,job start
1537.964,1,315,job finish
1538.055,3,310,job finish
1538.23,2,310,job finish
1538.23,3,311,job start
1538.23,2,311,job start
1538.23,1,316,job start
1539.463,0,320,job finish
1539.463,0,321,job start
1540.689,3,311,job finish
1540.867,4,308,job finish
1540.867,4,309,job start
1542.54,1,316,job finish
1543.834,0,321,job finish
1545.883,4,309,job finish
1545.883,4,310,job start
1545.984,2,311,job finish
1545.984,3,312,job start
1545.984,2,312,job start
1545.984,1,317,job start
1545.984,0,322,job start
1548.749,2,312,job finish
1548.749,2,313,job start
1549.061,3,312,job finish
1549.061,3,313,job start
1550.388,1,317,job finish
1550.388,1,318,job start
1550.968,0,322,job finish
1550.968,0,323,job start
1551.969,4,310,job finish
1551.969,4,311,job start
1552.129,3,313,job finish
1552.403,2,313,job finish
1552.403,3,314,job start
1552.403,2,314,job start
1553.512,0,323,job finish
1553.776,1,318,job finish
1553.776,1,319,job start
1553.776,0,324,job start
1555.801,4,311,job finish
1555.801,4,312,job start
1556.286,3,314,job finish
1556.373,2,314,job finish
1556.373,3,315,job start
1556.373,2,315,job start
1556.945,0,324,job finish
1557.2,1,319,job finish
1557.2,1,320,job start
1557.2,0,325,job start
1560.681,3,315,job finish
1560.782,0,325,job finish
1560.952,4,312,job finish
1560.952,4,313,job start
1562.25,2,315,job finish
1562.25,3,316,job start
1562.25,2,316,job start
1563.227,1,320,job finish
1563.227,1,321,job start
1563.227,0,326,job start
1564.036,4,313,job finish
1564.036,4,314,job start
1566.064,0,326,job finish
1567.029,4,314,job finish
1567.029,4,315,job start
1568.285,3,316,job finish
1571.006,2,316,job finish
1571.006,3,317,job start
1571.006,2,317,job start
1571.405,4,315,job finish
1571.405,4,316,job start
1571.503,1,321,job finish
1571.503,1,322,job start
1571.503,0,327,job start
1573.113,2,317,job finish
1573.113,2,318,job start
1574.359,0,327,job finish
1575.351,3,317,job finish
1575.351,3,318,job start
1576.756,2,318,job finish
1576.756,2,319,job start
1576.765,4,316,job finish
1576.765,4,317,job start
1577.277,1,322,job finish
1577.277,1,323,job start
1577.277,0,328,job start
1577.879,3,318,job finish
1577.879,3,319,job start
1579.257,2,319,job finish
1579.257,2,320,job start
1579.443,4,317,job finish
1579.443,4,318,job start
1580.191,0,328,job finish
1582.238,2,320,job finish
1582.238,2,321,job start
1583.275,1,323,job finish
1583.275,1,324,job start
1583.275,0,329,job start
1583.971,4,318,job finish
1583.971,4,319,job start
1584.781,2,321,job finish
1584.781,2,322,job start
1584.819,3,319,job finish
1584.819,3,320,job start
1585.595,0,329,job finish
1585.687,1,324,job finish
1585.687,1,325,job start
1585.687,0,330,job start
1587.206,4,319,job finish
1587.206,4,320,job start
1587.402,3,320,job finish
1587.402,3,321,job start
1587.95,2,322,job finish
1587.95,2,323,job start
1588.015,1,325,job finish
1588.015,1,326,job start
1588.607,0,330,job finish
1588.607,0,331,job start
1590.789,2,323,job finish
1590.789,2,324,job start
1591.647,4,320,job finish
1591.647,4,321,job start
1591.88,1,326,job finish
1591.88,1,327,job start
1591.89,3,321,job finish
1591.89,3,322,job start
1593.473,0,331,job finish
1593.473,0,332,job start
1593.933,2,324,job finish
1593.933,2,325,job start
1594.483,4,321,job finish
1594.483,4,322,job start
1596.229,2,325,job finish
1596.229,2,326,job start
1596.839,1,327,job finish
1596.839,1,328,job start
1596.959,3,322,job finish
1596.959,3,323,job start
1598.74,2,326,job finish
1598.74,2,327,job start
1598.935,0,332,job finish
1598.935,0,333,job start
1599.597,4,322,job finish
1599.597,4,323,job start
1600.74,1,328,job finish
1600.74,1,329,job start
1602.09,0,333,job finish
1602.09,0,334,job start
1602.285,3,323,job finish
1602.285,3,324,job start
1602.391,2,327,job finish
1602.391,2,328,job start
1603.312,4,323,job finish
1603.312,4,324,job start
1604.684,0,334,job finish
1604.925,3,324,job finish
1604.925,3,325,job start
1605.201,1,329,job finish
1605.201,1,330,job start
1605.201,0,335,job start
1605.522,2,328,job finish
1605.522,2,329,job start
1605.655,4,324,job finish
1605.655,4,325,job start
1607.367,0,335,job finish
1609.051,4,325,job finish
1609.86,3,325,job finish
1609.86,4,326,job start
1609.86,3,326,job start
1611.221,2,329,job finish
1611.221,2,330,job start
1613.265,1,330,job finish
1613.265,1,331,job start
1613.265,0,336,job start
1613.335,4,326,job finish
1613.491,2,330,job finish
1613.491,2,331,job start
1615.987,3,326,job finish
1615.987,4,327,job start
1615.987,3,327,job start
1616.551,2,331,job finish
1618.073,1,331,job finish
1618.073,2,332,job start
1618.073,1,332,job start
1618.296,4,327,job finish
1621.09,0,336,job finish
1621.09,0,337,job start
1623.43,2,332,job finish
1624.164,0,337,job finish
1624.952,3,327,job finish
1624.952,4,328,job start
1624.952,3,328,job start
1625.188,1,332,job finish
1625.188,2,333,job start
1625.188,1,333,job start
1625.188,0,338,job start
1627.759,3,328,job finish
1627.759,3,329,job start
1627.893,2,333,job finish
1630.439,0,338,job finish
1632.26,4,328,job finish
1632.26,4,329,job start
1632.702,1,333,job finish
1632.702,2,334,job start
1632.702,1,334,job start
1632.702,0,339,job start
1635.31,0,339,job finish
1635.88,1,334,job finish
1635.88,1,335,job start
1635.88,0,340,job start
1636.647,4,329,job finish
1636.742,2,334,job finish
1638.471,0,340,job finish
1639.133,1,335,job finish
1639.133,1,336,job start
1639.133,0,341,job start
1642.04,0,341,job finish
1644.219,1,336,job finish
1644.219,1,337,job start
1644.219,0,342,job start
1644.462,3,329,job finish
1644.462,4,330,job start
1644.462,3,330,job start
1644.462,2,335,job start
1646.518,2,335,job finish
1647.195,3,330,job finish
1647.195,3,331,job start
1647.195,2,336,job start
1647.318,0,342,job finish
1650.554,2,336,job finish
1650.69,3,331,job finish
1650.69,3,332,job start
1650.69,2,337,job start
1651.387,4,330,job finish
1651.387,4,331,job start
1651.602,1,337,job finish
1651.602,1,338,job start
1651.602,0,343,job start
1653.058,3,332,job finish
1653.058,3,333,job start
1654.426,4,331,job finish
1654.426,4,332,job start
1654.758,0,343,job finish
1655.29,2,337,job finish
1655.29,2,338,job start
1655.911,1,338,job finish
1655.911,1,339,job start
1655.911,0,344,job start
1658.238,2,338,job finish
1658.429,0,344,job finish
1659.042,3,333,job finish
1659.042,3,334,job start
1659.042,2,339,job start
1659.284,1,339,job finish
1659.284,1,340,job start
1659.284,0,345,job start
1659.48,4,332,job finish
1659.48,4,333,job start
1661.51,4,333,job finish
1661.51,4,334,job start
1662.549,2,339,job finish
1662.637,0,345,job finish
1662.735,1,340,job finish
1662.735,1,341,job start
1662.735,0,346,job start
1663.981,3,334,job finish
1663.981,3,335,job start
1663.981,2,340,job start
1664.091,4,334,job finish
1664.091,4,335,job start
1665.417,1,341,job finish
1665.417,1,342,job start
1665.945,0,346,job finish
1665.945,0,347,job start
1666.339,2,340,job finish
1667.185,3,335,job finish
1667.185,3,336,job start
1667.185,2,341,job start
1668.042,0,347,job finish
1668.342,1,342,job finish
1668.342,1,343,job start
1668.342,0,348,job start
1668.767,4,335,job finish
1668.767,4,336,job start
1669.887,3,336,job finish
1669.887,3,337,job start
1670.783,2,341,job finish
1670.783,2,342,job start
1671.011,4,336,job finish
1671.011,4,337,job start
1671.038,0,348,job finish
1671.813,1,343,job finish
1671.813,1,344,job start
1671.813,0,349,job start
1673.002,3,337,job finish
1673.002,3,338,job start
1673.108,4,337,job finish
1673.108,4,338,job start
1674.42,2,342,job finish
1674.42,2,343,job start
1675.323,4,338,job finish
1675.387,0,349,job finish
1675.427,3,338,job finish
1675.427,4,339,job start
1675.427,3,339,job start
1677.982,2,343,job finish
1677.982,2,344,job start
1678.577,3,339,job finish
1678.577,3,340,job start
1678.782,4,339,job finish
1678.782,4,340,job start
1679.309,1,344,job finish
1679.309,1,345,job start
1679.309,0,350,job start
1681.051,4,340,job finish
1682.047,3,340,job finish
1682.047,4,341,job start
1682.047,3,341,job start
1684.186,2,344,job finish
1684.186,2,345,job start
1684.397,0,350,job finish
1684.726,4,341,job finish
1684.931,1,345,job finish
1684.931,1,346,job start
1684.931,0,351,job start
1685.178,3,341,job finish
1685.178,4,342,job start
1685.178,3,342,job start
1687.202,4,342,job finish
1688.115,3,342,job finish
1688.115,4,343,job start
1688.115,3,343,job start
1689.531,0,351,job finish
1690.074,2,345,job finish
1690.074,2,346,job start
1690.378,3,343,job finish
1690.378,3,344,job start
1690.499,4,343,job finish
1690.499,4,344,job start
1692.093,1,346,job finish
1692.093,1,347,job start
1692.093,0,352,job start
1692.928,4,344,job finish
1695.373,0,352,job finish
1695.801,2,346,job finish
1695.801,2,347,job start
1696.07,3,344,job finish
1696.07,4,345,job start
1696.07,3,345,job start
1699.485,2,347,job finish
1700.918,3,345,job finish
1700.918,3,346,job start
1701.18,1,347,job finish
1701.18,2,348,job start
1701.18,1,348,job start
1701.18,0,353,job start
1702.968,4,345,job finish
1702.968,4,346,job start
1703.366,0,353,job finish
1705.716,1,348,job finish
1705.716,1,349,job start
1705.716,0,354,job start
1705.894,2,348,job finish
1705.894,2,349,job start
1707.914,4,346,job finish
1708.004,2,349,job finish
1710.276,1,349,job finish
1710.276,2,350,job start
1710.276,1,350,job start
1710.878,3,346,job finish
1710.878,4,347,job start
1710.878,3,347,job start
1711.542,0,354,job finish
1711.542,0,355,job start
1712.825,2,350,job finish
1713.453,1,350,job finish
1713.453,2,351,job start
1713.453,1,351,job start
1713.99,3,347,job finish
1713.99,3,348,job start
1714.457,0,355,job finish
1714.457,0,356,job start
1715.61,2,351,job finish
1715.846,4,347,job finish
1715.846,4,348,job start
1716.062,1,351,job finish
1716.062,2,352,job start
1716.062,1,352,job start
1718.044,0,356,job finish
1718.044,0,357,job start
1718.415,2,352,job finish
1721.56,4,348,job finish
1721.776,1,352,job finish
1721.776,2,353,job start
1721.776,1,353,job start
1723.808,2,353,job finish
1724.141,0,357,job finish
1724.141,0,358,job start
1726.313,1,353,job finish
1726.313,1,354,job start
1730.793,1,354,job finish
1730.793,1,355,job start
1734.07,1,355,job finish
1734.07,1,356,job start
1734.53,3,348,job finish
1734.53,4,349,job start
1734.53,3,349,job start
1734.53,2,354,job start
1734.928,0,358,job finish
1734.928,0,359,job start
1737.287,0,359,job finish
1737.287,0,360,job start
1737.306,3,349,job finish
1737.306,3,350,job start
1738.625,2,354,job finish
1738.625,2,355,job start
1739.367,0,360,job finish
1739.367,0,361,job start
1740.05,1,356,job finish
1740.05,1,357,job start
1740.095,3,350,job finish
1740.095,3,351,job start
1740.853,2,355,job finish
1740.853,2,356,job start
1741.57,0,361,job finish
1741.57,0,362,job start
1741.587,4,349,job finish
1741.587,4,350,job start
1742.478,3,351,job finish
1742.478,3,352,job start
1744.09,2,356,job finish
1744.09,2,357,job start
1745.646,4,350,job finish
1745.646,4,351,job start
1746.05,0,362,job finish
1746.098,3,352,job finish
1746.098,3,353,job start
1746.898,1,357,job finish
1746.898,1,358,job start
1746.898,0,363,job start
1748.093,4,351,job finish
1748.093,4,352,job start
1748.817,3,353,job finish
1748.817,3,354,job start
1748.919,0,363,job finish
1749.521,2,357,job finish
1749.521,2,358,job start
1750.549,4,352,job finish
1750.549,4,353,job start
1751.965,1,358,job finish
1751.965,1,359,job start
1751.965,0,364,job start
1753.439,2,358,job finish
1753.439,2,359,job start
1755.504,2,359,job finish
1755.675,3,354,job finish
1755.675,3,355,job start
1756.293,0,364,job finish
1759.533,4,353,job finish
1759.533,4,354,job start
1761.109,1,359,job finish
1761.109,2,360,job start
1761.109,1,360,job start
1761.109,0,365,job start
1763.609,2,360,job finish
1764.0,1,360,job finish
1764.0,1,361,job start
1765.264,3,355,job finish
1765.264,3,356,job start
1765.264,2,361,job start
1766.606,4,354,job finish
1766.606,4,355,job start
1766.62,1,361,job finish
1766.62,1,362,job start
1767.61,2,361,job finish
1768.728,4,355,job finish
1768.728,4,356,job start
1769.573,1,362,job finish
1769.573,1,363,job start
1770.299,3,356,job finish
1770.299,3,357,job start
1770.299,2,362,job start
1770.586,0,365,job finish
1770.586,0,366,job start
1770.971,4,356,job finish
1770.971,4,357,job start
1772.05,1,363,job finish
1772.05,1,364,job start
1772.789,2,362,job finish
1772.826,0,366,job finish
1772.826,0,367,job start
1773.695,4,357,job finish
1775.917,0,367,job finish
1775.917,0,368,job start
1776.193,1,364,job finish
1776.193,1,365,job start
1777.228,3,357,job finish
1777.228,4,358,job start
1777.228,3,358,job start
1777.228,2,363,job start
1780.164,3,358,job finish
1780.164,3,359,job start
1780.779,2,363,job finish
1780.779,2,364,job start
1780.826,4,358,job finish
1780.826,4,359,job start
1781.278,1,365,job finish
1781.278,1,366,job start
1783.168,4,359,job finish
1783.2,3,359,job finish
1783.2,4,360,job start
1783.2,3,360,job start
1784.813,0,368,job finish
1784.813,0,369,job start
1785.203,4,360,job finish
1785.659,2,364,job finish
1785.659,2,365,job start
1785.813,3,360,job finish
1785.813,4,361,job start
1785.813,3,361,job start
1786.338,1,366,job finish
1786.338,1,367,job start
1788.008,4,361,job finish
1788.212,2,365,job finish
1788.212,2,366,job start
1789.608,0,369,job finish
1789.608,0,370,job start
1789.848,1,367,job finish
1789.848,1,368,job start
1790.647,2,366,job finish
1791.764,0,370,job finish
1791.764,0,371,job start
1794.671,1,368,job finish
1794.671,1,369,job start
1795.178,0,371,job finish
1795.178,0,372,job start
1797.475,0,372,job finish
1797.475,0,373,job start
1798.3,1,369,job finish
1798.3,1,370,job start
1800.028,0,373,job finish
1800.028,0,374,job start
1800.801,3,361,job finish
1800.801,4,362,job start
1800.801,3,362,job start
1800.801,2,367,job start
1802.485,1,370,job finish
1802.485,1,371,job start
1803.123,4,362,job finish
1805.269,3,362,job finish
1805.269,4,363,job start
1805.269,3,363,job start
1805.452,0,374,job finish
1805.452,0,375,job start
1805.891,2,367,job finish
1805.891,2,368,job start
1806.417,1,371,job finish
1806.417,1,372,job start
1807.859,4,363,job finish
1808.053,2,368,job finish
1810.338,0,375,job finish
1810.338,0,376,job start
1810.73,1,372,job finish
1810.73,1,373,job start
1810.989,3,363,job finish
1810.989,4,364,job start
1810.989,3,364,job start
1810.989,2,369,job start
1813.79,1,373,job finish
1813.79,1,374,job start
1815.099,0,376,job finish
1815.099,0,377,job start
1816.214,2,369,job finish
1816.494,4,364,job finish
1818.435,0,377,job finish
1818.435,0,378,job start
1819.895,1,374,job finish
1820.687,3,364,job finish
1820.687,4,365,job start
1820.687,3,365,job start
1820.687,2,370,job start
1820.687,1,375,job start
1821.294,0,378,job finish
1821.294,0,379,job start
1822.781,4,365,job finish
1825.096,1,375,job finish
1825.294,3,365,job finish
1825.294,4,366,job start
1825.294,3,366,job start
1826.43,2,370,job finish
1826.43,2,371,job start
1826.43,1,376,job start
1826.597,0,379,job finish
1826.597,0,380,job start
1828.441,2,371,job finish
1828.618,0,380,job finish
1828.618,0,381,job start
1829.383,4,366,job finish
1829.899,1,376,job finish
1833.657,3,366,job finish
1833.657,4,367,job start
1833.657,3,367,job start
1833.657,2,372,job start
1833.657,1,377,job start
1833.876,0,381,job finish
1833.876,0,382,job start
1835.682,2,372,job finish
1836.596,1,377,job finish
1836.901,4,367,job finish
1837.677,3,367,job finish
1837.677,4,368,job start
1837.677,3,368,job start
1837.677,2,373,job start
1837.677,1,378,job start
1839.521,0,382,job finish
1839.521,0,383,job start
1840.092,3,368,job finish
1840.092,3,369,job start
1840.82,2,373,job finish
1840.82,2,374,job start
1841.991,1,378,job finish
1841.991,1,379,job start
1842.085,4,368,job finish
1842.085,4,369,job start
1842.168,0,383,job finish
1842.168,0,384,job start
1842.381,3,369,job finish
1842.381,3,370,job start
1844.372,1,379,job finish
1845.292,0,384,job finish
1845.852,3,370,job finish
1845.852,3,371,job start
1848.0,2,374,job finish
1848.0,2,375,job start
1848.0,1,380,job start
1848.0,0,385,job start
1851.211,1,380,job finish
1851.749,2,375,job finish
1851.749,2,376,job start
1851.749,1,381,job start
1852.806,0,385,job finish
1852.806,0,386,job start
1853.096,3,371,job finish
1853.096,3,372,job start
1854.828,1,381,job finish
1855.802,4,369,job finish
1855.802,4,370,job start
1855.914,2,376,job finish
1855.914,2,377,job start
1855.914,1,382,job start
1856.759,3,372,job finish
1856.759,3,373,job start
1857.496,0,386,job finish
1857.496,0,387,job start
1858.933,2,377,job finish
1858.933,2,378,job start
1858.972,4,370,job finish
1858.972,4,371,job start
1859.328,3,373,job finish
1859.328,3,374,job start
1859.803,1,382,job finish
1859.803,1,383,job start
1860.289,0,387,job finish
1860.289,0,388,job start
1862.506,4,371,job finish
1862.506,4,372,job start
1864.025,0,388,job finish
1864.063,3,374,job finish
1864.063,3,375,job start
1864.917,1,383,job finish
1865.539,4,372,job finish
1865.539,4,373,job start
1866.76,2,378,job finish
1866.76,2,379,job start
1866.76,1,384,job start
1866.76,0,389,job start
1866.912,3,375,job finish
1866.912,3,376,job start
1869.691,0,389,job finish
1871.083,4,373,job finish
1871.083,4,374,job start
1872.976,3,376,job finish
1872.976,3,377,job start
1873.679,2,379,job finish
1873.679,2,380,job start
1874.573,4,374,job finish
1874.573,4,375,job start
1875.97,2,380,job finish
1875.97,2,381,job start
1876.737,1,384,job finish
1876.737,1,385,job start
1876.737,0,390,job start
1879.731,1,385,job finish
1879.731,1,386,job start
1880.168,4,375,job finish
1880.168,4,376,job start
1881.621,2,381,job finish
1881.621,2,382,job start
1882.419,4,376,job finish
1882.419,4,377,job start
1883.805,2,382,job finish
1885.183,0,390,job finish
1885.183,0,391,job start
1885.793,3,377,job finish
1885.793,3,378,job start
1885.793,2,383,job start
1885.965,4,377,job finish
1885.965,4,378,job start
1887.055,1,386,job finish
1887.055,1,387,job start
1889.205,3,378,job finish
1889.205,3,379,job start
1889.576,2,383,job finish
1889.576,2,384,job start
1889.974,4,378,job finish
1889.974,4,379,job start
1891.043,0,391,job finish
1891.043,0,392,job start
1891.991,3,379,job finish
1891.991,3,380,job start
1892.569,4,379,job finish
1892.569,4,380,job start
1892.67,1,387,job finish
1892.67,1,388,job start
1893.228,0,392,job finish
1893.228,0,393,job start
1895.149,2,384,job finish
1895.149,2,385,job start
1895.704,4,380,job finish
1895.945,3,380,job finish
1895.945,4,381,job start
1895.945,3,381,job start
1896.26,0,393,job finish
1896.477,1,388,job finish
1896.477,1,389,job start
1896.477,0,394,job start
1897.27,2,385,job finish
1897.27,2,386,job start
1898.695,0,394,job finish
1899.334,1,389,job finish
1899.334,1,390,job start
1899.334,0,395,job start
1899.719,4,381,job finish
1901.541,2,386,job finish
1903.322,0,395,job finish
1906.616,1,390,job finish
1906.616,1,391,job start
1906.616,0,396,job start
1908.803,0,396,job finish
1909.095,1,391,job finish
1909.27,3,381,job finish
1909.27,4,382,job start
1909.27,3,382,job start
1909.27,2,387,job start
1909.27,1,392,job start
1909.27,0,397,job start
1911.696,3,382,job finish
1911.696,3,383,job start
1912.058,0,397,job finish
1912.068,2,387,job finish
1912.068,2,388,job start
1913.418,1,392,job finish
1913.418,1,393,job start
1913.418,0,398,job start
1914.294,4,382,job finish
1914.294,4,383,job start
1915.889,2,388,job finish
1916.429,1,393,job finish
1917.043,4,383,job finish
1918.949,0,398,job finish
1920.932,3,383,job finish
1920.932,4,384,job start
1920.932,3,384,job start
1920.932,2,389,job start
1920.932,1,394,job start
1920.932,0,399,job start
1923.183,1,394,job finish
1924.287,0,399,job finish
1924.377,4,384,job finish
1924.489,3,384,job finish
1924.489,4,385,job start
1924.489,3,385,job start
1925.392,2,389,job finish
1925.392,2,390,job start
1925.392,1,395,job start
1925.392,0,400,job start
1927.902,1,395,job finish
1928.671,2,390,job finish
1929.838,3,385,job finish
1929.838,3,386,job start
1929.838,2,391,job start
1929.838,1,396,job start
1929.905,0,400,job finish
1929.905,0,401,job start
1932.077,4,385,job finish
1932.077,4,386,job start
1932.9,3,386,job finish
1932.9,3,387,job start
1932.925,1,396,job finish
1933.054,0,401,job finish
1933.9,2,391,job finish
1933.9,2,392,job start
1933.9,1,397,job start
1933.9,0,402,job start
1936.43,1,397,job finish
1936.47,4,386,job finish
1936.47,4,387,job start
1937.451,0,402,job finish
1937.792,3,387,job finish
1937.792,3,388,job start
1938.515,4,387,job finish
1938.515,4,388,job start
1941.194,4,388,job finish
1941.485,2,392,job finish
1941.485,2,393,job start
1941.485,1,398,job start
1941.485,0,403,job start
1944.002,1,398,job finish
1945.228,2,393,job finish
1946.447,0,403,job finish
1948.953,3,388,job finish
1948.953,4,389,job start
1948.953,3,389,job start
1948.953,2,394,job start
1948.953,1,399,job start
1948.953,0,404,job start
1951.674,1,399,job finish
1951.722,0,404,job finish
1952.973,3,389,job finish
1952.973,3,390,job start
1954.104,4,389,job finish
1954.104,4,390,job start
1956.2,3,390,job finish
1956.2,3,391,job start
1957.305,2,394,job finish
1957.305,2,395,job start
1957.305,1,400,job start
1957.305,0,405,job start
1961.252,2,395,job finish
1961.252,2,396,job start
1961.726,4,390,job finish
1961.726,4,391,job start
1962.08,0,405,job finish
1962.704,3,391,job finish
1962.704,3,392,job start
1963.691,1,400,job finish
1963.691,1,401,job start
1963.691,0,406,job start
1965.247,4,391,job finish
1965.247,4,392,job start
1965.667,2,396,job finish
1965.667,2,397,job start
1966.521,3,392,job finish
1966.521,3,393,job start
1967.298,1,401,job finish
1967.298,1,402,job start
1968.164,2,397,job finish
1968.164,2,398,job start
1968.345,0,406,job finish
1968.345,0,407,job start
1969.956,4,392,job finish
1969.956,4,393,job start
1970.631,0,407,job finish
1972.185,4,393,job finish
1973.028,2,398,job finish
1973.078,3,393,job finish
1973.078,4,394,job start
1973.078,3,394,job start
1973.078,2,399,job start
1974.326,1,402,job finish
1974.326,1,403,job start
1974.326,0,408,job start
1975.482,4,394,job finish
1975.651,3,394,job finish
1975.651,4,395,job start
1975.651,3,395,job start
1976.791,2,399,job finish
1976.791,2,400,job start
1977.709,0,408,job finish
1978.542,1,403,job finish
1978.542,1,404,job start
1978.542,0,409,job start
1979.485,4,395,job finish
1980.476,2,400,job finish
1981.456,1,404,job finish
1981.456,1,405,job start
1983.527,0,409,job finish
1983.527,0,410,job start
1986.83,3,395,job finish
1986.83,4,396,job start
1986.83,3,396,job start
1986.83,2,401,job start
1986.874,1,405,job finish
1986.874,1,406,job start
1987.564,0,410,job finish
1987.564,0,411,job start
1989.39,2,401,job finish
1990.499,4,396,job finish
1992.017,0,411,job finish
1992.521,1,406,job finish
1998.497,3,396,job finish
1998.497,4,397,job start
1998.497,3,397,job start
1998.497,2,402,job start
1998.497,1,407,job start
1998.497,0,412,job start
2000.514,0,412,job finish
2000.998,1,407,job finish
2002.249,2,402,job finish
2002.511,4,397,job finish
2005.501,3,397,job finish
2005.501,4,398,job start
2005.501,3,398,job start
2005.501,2,403,job start
2005.501,1,408,job start
2005.501,0,413,job start
2009.026,4,398,job finish
2010.056,2,403,job finish
2011.388,3,398,job finish
2011.388,4,399,job start
2011.388,3,399,job start
2011.388,2,404,job start
2011.554,0,413,job finish
2012.588,1,408,job finish
2012.588,1,409,job start
2012.588,0,414,job start
2014.155,3,399,job finish
2014.155,3,400,job start
2014.809,2,404,job finish
2014.809,2,405,job start
2014.869,1,409,job finish
2014.869,1,410,job start
2017.203,1,410,job finish
2017.217,2,405,job finish
2017.47,4,399,job finish
2017.47,4,400,job start
2019.499,4,400,job finish
2019.546,0,414,job finish
2019.546,0,415,job start
2022.412,0,415,job finish
2024.016,3,400,job finish
2024.016,4,401,job start
2024.016,3,401,job start
2024.016,2,406,job start
2024.016,1,411,job start
2024.016,0,416,job start
2026.552,3,401,job finish
2026.552,3,402,job start
2026.914,4,401,job finish
2026.914,4,402,job start
2028.97,0,416,job finish
2029.246,2,406,job finish
2029.246,2,407,job start
2030.082,1,411,job finish
2030.082,1,412,job start
2030.082,0,417,job start
2030.852,3,402,job finish
2030.852,3,403,job start
2032.018,2,407,job finish
2032.018,2,408,job start
2032.502,0,417,job finish
2032.568,4,402,job finish
2032.568,4,403,job start
2034.268,1,412,job finish
2034.268,1,413,job start
2034.268,0,418,job start
2034.403,2,408,job finish
2035.908,3,403,job finish
2035.908,3,404,job start
2035.908,2,409,job start
2037.112,0,418,job finish
2037.312,1,413,job finish
2037.312,1,414,job start
2037.312,0,419,job start
2038.736,3,404,job finish
2038.736,3,405,job start
2039.317,0,419,job finish
2039.691,4,403,job finish
2039.691,4,404,job start
2040.555,1,414,job finish
2041.526,2,409,job finish
2041.526,2,410,job start
2041.526,1,415,job start
2041.526,0,420,job start
2042.26,4,404,job finish
2042.26,4,405,job start
2044.545,3,405,job finish
2044.545,3,406,job start
2044.723,2,410,job finish
2044.723,2,411,job start
2045.013,1,415,job finish
2045.013,1,416,job start
2047.554,3,406,job finish
2047.554,3,407,job start
2047.751,1,416,job finish
2048.442,4,405,job finish
2048.442,4,406,job start
2049.453,0,420,job finish
2049.453,0,421,job start
2050.313,3,407,job finish
2050.313,3,408,job start
2051.746,0,421,job finish
2052.844,3,408,job finish
2052.844,3,409,job start
2053.055,4,406,job finish
2053.055,4,407,job start
2053.13,2,411,job finish
2053.13,2,412,job start
2053.13,1,417,job start
2053.13,0,422,job start
2056.096,2,412,job finish
2056.096,2,413,job start
2056.123,3,409,job finish
2056.123,3,410,job start
2057.365,1,417,job finish
2057.365,1,418,job start
2058.319,2,413,job finish
2058.319,2,414,job start
2059.068,0,422,job finish
2059.068,0,423,job start
2059.962,4,407,job finish
2059.962,4,408,job start
2061.136,0,423,job finish
2062.565,3,410,job finish
2062.565,3,411,job start
2062.566,2,414,job finish
2062.566,2,415,job start
2064.988,2,415,job finish
2064.988,2,416,job start
2065.604,1,418,job finish
2065.604,1,419,job start
2065.604,0,424,job start
2066.243,3,411,job finish
2066.243,3,412,job start
2067.998,4,408,job finish
2067.998,4,409,job start
2068.533,1,419,job finish
2068.533,1,420,job start
2069.72,0,424,job finish
2069.72,0,425,job start
2070.279,2,416,job finish
2070.279,2,417,job start
2071.031,1,420,job finish
2071.031,1,421,job start
2071.071,4,409,job finish
2071.071,4,410,job start
2071.103,3,412,job finish
2071.103,3,413,job start
2072.124,0,425,job finish
2072.124,0,426,job start
2072.956,2,417,job finish
2072.956,2,418,job start
2073.675,3,413,job finish
2073.675,3,414,job start
2074.277,4,410,job finish
2074.277,4,411,job start
2075.32,2,418,job finish
2075.32,2,419,job start
2076.57,1,421,job finish
2076.57,1,422,job start
2077.375,3,414,job finish
2077.375,3,415,job start
2078.162,4,411,job finish
2078.162,4,412,job start
2078.941,0,426,job finish
2078.941,0,427,job start
2079.468,1,422,job finish
2079.468,1,423,job start
2080.571,3,415,job finish
2080.571,3,416,job start
2081.02,2,419,job finish
2081.02,2,420,job start
2081.506,0,427,job finish
2081.506,0,428,job start
2082.314,1,423,job finish
2082.314,1,424,job start
2083.135,3,416,job finish
2083.135,3,417,job start
2085.59,1,424,job finish
2085.59,1,425,job start
2085.643,4,412,job finish
2085.643,4,413,job start
2085.648,0,428,job finish
2085.648,0,429,job start
2085.893,2,420,job finish
2085.893,2,421,job start
2087.396,3,417,job finish
2087.396,3,418,job start
2088.284,2,421,job finish
2088.284,2,422,job start
2089.589,0,429,job finish
2089.589,0,430,job start
2089.745,3,418,job finish
2089.941,4,413,job finish
2089.941,4,414,job start
2089.941,3,419,job start
2089.95,1,425,job finish
2089.95,1,426,job start
2090.339,2,422,job finish
2090.339,2,423,job start
2091.845,0,430,job finish
2091.845,0,431,job start
2093.347,2,423,job finish
2093.347,2,424,job start
2093.581,1,426,job finish
2093.581,1,427,job start
2094.649,3,419,job finish
2095.893,1,427,job finish
2095.893,1,428,job start
2097.779,4,414,job finish
2097.779,4,415,job start
2097.779,3,420,job start
2100.156,3,420,job finish
2100.216,0,431,job finish
2100.216,0,432,job start
2100.821,4,415,job finish
2100.821,4,416,job start
2100.821,3,421,job start
2101.704,1,428,job finish
2101.704,1,429,job start
2103.139,2,424,job finish
2103.139,2,425,job start
2103.671,4,416,job finish
2103.671,4,417,job start
2104.346,3,421,job finish
2104.346,3,422,job start
2105.129,1,429,job finish
2105.129,1,430,job start
2106.698,4,417,job finish
2106.698,4,418,job start
2106.756,0,432,job finish
2106.756,0,433,job start
2107.29,2,425,job finish
2107.29,2,426,job start
2107.532,1,430,job finish
2107.532,1,431,job start
2109.309,0,433,job finish
2109.309,0,434,job start
2109.603,4,418,job finish
2109.603,4,419,job start
2110.151,2,426,job finish
2110.151,2,427,job start
2110.162,3,422,job finish
2110.162,3,423,job start
2111.68,1,431,job finish
2111.68,1,432,job start
2112.147,4,419,job finish
2112.147,4,420,job start
2112.837,0,434,job finish
2112.837,0,435,job start
2113.893,3,423,job finish
2113.893,3,424,job start
2113.896,2,427,job finish
2113.896,2,428,job start
2114.693,1,432,job finish
2114.693,1,433,job start
2115.65,0,435,job finish
2115.65,0,436,job start
2116.221,4,420,job finish
2116.221,4,421,job start
2116.267,2,428,job finish
2116.267,2,429,job start
2118.077,1,433,job finish
2118.077,1,434,job start
2118.468,0,436,job finish
2118.468,0,437,job start
2119.178,3,424,job finish
2119.178,3,425,job start
2120.473,2,429,job finish
2120.473,2,430,job start
2121.619,0,437,job finish
2121.619,0,438,job start
2121.65,3,425,job finish
2121.65,3,426,job start
2123.213,1,434,job finish
2123.213,1,435,job start
2123.436,2,430,job finish
2123.436,2,431,job start
2125.129,3,426,job finish
2125.728,0,438,job finish
2125.728,0,439,job start
2126.096,2,431,job finish
2128.181,4,421,job finish
2128.181,4,422,job start
2128.181,3,427,job start
2128.181,2,432,job start
2128.519,1,435,job finish
2128.519,1,436,job start
2130.352,0,439,job finish
2130.352,0,440,job start
2130.51,4,422,job finish
2130.51,4,423,job start
2130.955,2,432,job finish
2132.151,1,436,job finish
2132.151,1,437,job start
2132.618,3,427,job finish
2132.618,3,428,job start
2132.618,2,433,job start
2134.833,2,433,job finish
2135.587,1,437,job finish
2135.587,1,438,job start
2137.279,4,423,job finish
2137.279,4,424,job start
2138.615,3,428,job finish
2138.615,3,429,job start
2138.615,2,434,job start
2138.867,1,438,job finish
2138.867,1,439,job start
2138.956,0,440,job finish
2138.956,0,441,job start
2141.393,3,429,job finish
2141.986,4,424,job finish
2141.986,4,425,job start
2141.986,3,430,job start
2142.454,2,434,job finish
2142.454,2,435,job start
2142.513,0,441,job finish
2142.513,0,442,job start
2144.133,4,425,job finish
2144.133,4,426,job start
2144.275,1,439,job finish
2144.275,1,440,job start
2145.288,2,435,job finish
2145.705,0,442,job finish
2145.705,0,443,job start
2146.313,3,430,job finish
2146.313,3,431,job start
2146.313,2,436,job start
2146.427,4,426,job finish
2146.427,4,427,job start
2146.702,1,440,job finish
2146.702,1,441,job start
2149.068,3,431,job finish
2149.068,3,432,job start
2149.308,0,443,job finish
2149.308,0,444,job start
2149.875,1,441,job finish
2150.232,4,427,job finish
2150.232,4,428,job start
2151.665,2,436,job finish
2151.665,2,437,job start
2151.665,1,442,job start
2153.361,4,428,job finish
2153.361,4,429,job start
2153.683,2,437,job finish
2153.821,3,432,job finish
2153.821,3,433,job start
2153.821,2,438,job start
2155.858,2,438,job finish
2156.372,4,429,job finish
2156.372,4,430,job start
2157.744,1,442,job finish
2157.744,1,443,job start
2160.437,1,443,job finish
2160.988,4,430,job finish
2160.988,4,431,job start
2162.615,0,444,job finish
2162.615,0,445,job start
2165.19,0,445,job finish
2165.19,0,446,job start
2165.612,4,431,job finish
2165.612,4,432,job start
2167.266,3,433,job finish
2167.266,3,434,job start
2167.266,2,439,job start
2167.266,1,444,job start
2167.701,0,446,job finish
2167.701,0,447,job start
2169.315,4,432,job finish
2169.315,4,433,job start
2169.717,0,447,job finish
2169.717,0,448,job start
2170.013,2,439,job finish
2170.753,3,434,job finish
2170.753,3,435,job start
2170.753,2,440,job start
2172.498,0,448,job finish
2172.498,0,449,job start
2172.994,4,433,job finish
2172.994,4,434,job start
2173.084,1,444,job finish
2173.084,1,445,job start
2173.304,3,435,job finish
2173.304,3,436,job start
2174.606,0,449,job finish
2174.606,0,450,job start
2175.579,2,440,job finish
2175.579,2,441,job start
2177.583,0,450,job finish
2178.611,3,436,job finish
2178.611,3,437,job start
2180.063,1,445,job finish
2180.063,1,446,job start
2180.063,0,451,job start
2181.496,2,441,job finish
2181.496,2,442,job start
2183.142,1,446,job finish
2183.142,1,447,job start
2183.217,4,434,job finish
2183.217,4,435,job start
2183.589,0,451,job finish
2183.589,0,452,job start
2185.599,0,452,job finish
2185.784,4,435,job finish
2185.784,4,436,job start
2185.816,2,442,job finish
2185.842,1,447,job finish
2188.278,4,436,job finish
2188.278,4,437,job start
2188.729,3,437,job finish
2188.729,3,438,job start
2188.729,2,443,job start
2188.729,1,448,job start
2188.729,0,453,job start
2191.471,0,453,job finish
2192.007,3,438,job finish
2192.007,3,439,job start
2192.936,1,448,job finish
2193.274,4,437,job finish
2193.274,4,438,job start
2193.285,2,443,job finish
2193.285,2,444,job start
2193.285,1,449,job start
2193.285,0,454,job start
2194.565,3,439,job finish
2194.565,3,440,job start
2195.647,1,449,job finish
2195.969,4,438,job finish
2195.969,4,439,job start
2196.198,0,454,job finish
2196.381,2,444,job finish
2196.381,2,445,job start
2196.381,1,450,job start
2196.381,0,455,job start
2197.254,3,440,job finish
2197.254,3,441,job start
2198.093,4,439,job finish
2198.093,4,440,job start
2200.256,1,450,job finish
2201.513,2,445,job finish
2201.513,2,446,job start
2201.513,1,451,job start
2202.08,4,440,job finish
2202.08,4,441,job start
2203.261,0,455,job finish
2203.261,0,456,job start
2203.722,2,446,job finish
2204.121,3,441,job finish
2204.121,3,442,job start
2204.121,2,447,job start
2204.556,4,441,job finish
2204.556,4,442,job start
2206.256,2,447,job finish
2207.414,3,442,job finish
2207.414,3,443,job start
2207.414,2,448,job start
2208.011,4,442,job finish
2208.011,4,443,job start
2214.374,0,456,job finish
2215.457,1,451,job finish
2215.457,1,452,job start
2215.457,0,457,job start
2216.438,4,443,job finish
2217.974,3,443,job finish
2217.974,4,444,job start
2217.974,3,444,job start
2217.98,1,452,job finish
2217.98,1,453,job start
2219.456,0,457,job finish
2219.456,0,458,job start
2220.722,4,444,job finish
2221.186,2,448,job finish
2221.186,2,449,job start
2221.508,0,458,job finish
2221.661,3,444,job finish
2221.661,4,445,job start
2221.661,3,445,job start
2223.614,2,449,job finish
2223.614,2,450,job start
2225.411,1,453,job finish
2225.411,1,454,job start
2225.411,0,459,job start
2225.588,3,445,job finish
2225.588,3,446,job start
2226.005,2,450,job finish
2226.005,2,451,job start
2226.107,4,445,job finish
2226.107,4,446,job start
2228.512,1,454,job finish
2228.512,1,455,job start
2228.515,3,446,job finish
2228.515,3,447,job start
2230.81,3,447,job finish
2230.81,3,448,job start
2231.328,2,451,job finish
2231.328,2,452,job start
2231.986,0,459,job finish
2231.986,0,460,job start
2233.309,3,448,job finish
2233.309,3,449,job start
2233.555,4,446,job finish
2233.555,4,447,job start
2233.98,2,452,job finish
2233.98,2,453,job start
2234.281,0,460,job finish
2235.393,1,455,job finish
2235.393,1,456,job start
2235.393,0,461,job start
2236.37,4,447,job finish
2236.37,4,448,job start
2236.531,2,453,job finish
2236.531,2,454,job start
2237.84,1,456,job finish
2237.84,1,457,job start
2237.907,0,461,job finish
2237.907,0,462,job start
2239.171,2,454,job finish
2239.755,4,448,job finish
2239.755,4,449,job start
2240.864,1,457,job finish
2240.864,1,458,job start
2241.261,0,462,job finish
2241.261,0,463,job start
2241.373,3,449,job finish
2241.373,3,450,job start
2241.373,2,455,job start
2243.407,4,449,job finish
2243.407,4,450,job start
2244.346,0,463,job finish
2245.045,3,450,job finish
2245.045,3,451,job start
2245.14,1,458,job finish
2245.14,1,459,job start
2245.14,0,464,job start
2246.14,4,450,job finish
2246.14,4,451,job start
2247.704,3,451,job finish
2247.704,3,452,job start
2247.888,1,459,job finish
2247.888,1,460,job start
2248.092,2,455,job finish
2248.092,2,456,job start
2248.151,0,464,job finish
2248.151,0,465,job start
2248.618,4,451,job finish
2248.618,4,452,job start
2250.108,3,452,job finish
2250.108,3,453,job start
2252.127,0,465,job finish
2253.612,4,452,job finish
2253.612,4,453,job start
2253.731,2,456,job finish
2253.731,2,457,job start
2255.07,1,460,job finish
2255.07,1,461,job start
2255.07,0,466,job start
2255.945,2,457,job finish
2255.945,2,458,job start
2257.71,3,453,job finish
2257.71,3,454,job start
2258.287,2,458,job finish
2258.287,2,459,job start
2259.155,4,453,job finish
2259.155,4,454,job start
2259.742,0,466,job finish
2261.146,2,459,job finish
2261.73,3,454,job finish
2261.73,3,455,job start
2261.73,2,460,job start
2262.12,4,454,job finish
2262.12,4,455,job start
2262.824,1,461,job finish
2262.824,1,462,job start
2262.824,0,467,job start
2265.439,4,455,job finish
2265.47,1,462,job finish
2265.47,1,463,job start
2265.788,0,467,job finish
2265.788,0,468,job start
2268.11,3,455,job finish
2268.11,4,456,job start
2268.11,3,456,job start
2268.149,0,468,job finish
2268.742,1,463,job finish
2268.742,1,464,job start
2268.742,0,469,job start
2270.764,3,456,job finish
2270.764,3,457,job start
2270.782,4,456,job finish
2270.782,4,457,job start
2271.129,1,464,job finish
2271.129,1,465,job start
2271.395,2,460,job finish
2271.395,2,461,job start
2273.528,2,461,job finish
2273.528,2,462,job start
2273.854,1,465,job finish
2273.854,1,466,job start
2274.475,0,469,job finish
2274.475,0,470,job start
2276.59,0,470,job finish
2276.59,0,471,job start
2277.254,4,457,job finish
2277.688,2,462,job finish
2278.966,3,457,job finish
2278.966,4,458,job start
2278.966,3,458,job start
2278.966,2,463,job start
2280.531,0,471,job finish
2281.717,1,466,job finish
2281.717,1,467,job start
2281.717,0,472,job start
2282.543,2,463,job finish
2284.975,3,458,job finish
2284.975,3,459,job start
2284.975,2,464,job start
2285.047,0,472,job finish
2286.435,1,467,job finish
2286.435,1,468,job start
2286.435,0,473,job start
2288.314,2,464,job finish
2289.851,3,459,job finish
2289.851,3,460,job start
2289.851,2,465,job start
2290.102,0,473,job finish
2290.861,1,468,job finish
2290.861,1,469,job start
2290.861,0,474,job start
2291.076,4,458,job finish
2291.076,4,459,job start
2292.124,2,465,job finish
2293.481,0,474,job finish
2295.5,3,460,job finish
2295.5,3,461,job start
2295.5,2,466,job start
2296.169,4,459,job finish
2296.169,4,460,job start
2298.055,1,469,job finish
2298.055,1,470,job start
2298.055,0,475,job start
2298.215,3,461,job finish
2298.215,3,462,job start
2300.381,0,475,job finish
2301.345,4,460,job finish
2301.345,4,461,job start
2303.919,1,470,job finish
2303.919,1,471,job start
2303.919,0,476,job start
2304.086,2,466,job finish
2304.086,2,467,job start
2305.319,3,462,job finish
2305.319,3,463,job start
2305.999,0,476,job finish
2306.842,2,467,job finish
2306.842,2,468,job start
2308.13,1,471,job finish
2308.13,1,472,job start
2308.13,0,477,job start
2310.668,1,472,job finish
2310.668,1,473,job start
2310.708,2,468,job finish
2313.365,3,463,job finish
2313.365,3,464,job start
2313.365,2,469,job start
2313.504,4,461,job finish
2313.504,4,462,job start
2316.144,2,469,job finish
2316.963,4,462,job finish
2316.963,4,463,job start
2318.229,0,477,job finish
2318.229,0,478,job start
2319.261,1,473,job finish
2319.261,1,474,job start
2319.588,4,463,job finish
2319.588,4,464,job start
2321.732,4,464,job finish
2322.049,1,474,job finish
2322.922,0,478,job finish
2322.922,0,479,job start
2325.478,0,479,job finish
2329.858,3,464,job finish
2329.858,4,465,job start
2329.858,3,465,job start
2329.858,2,470,job start
2329.858,1,475,job start
2329.858,0,480,job start
2332.163,1,475,job finish
2332.654,4,465,job finish
2334.184,3,465,job finish
2334.184,4,466,job start
2334.184,3,466,job start
2334.925,2,470,job finish
2334.925,2,471,job start
2334.925,1,476,job start
2335.637,0,480,job finish
2335.637,0,481,job start
2338.338,3,466,job finish
2338.338,3,467,job start
2338.751,2,471,job finish
2338.751,2,472,job start
2339.184,4,466,job finish
2339.184,4,467,job start
2340.972,2,472,job finish
2341.995,3,467,job finish
2341.995,3,468,job start
2341.995,2,473,job start
2342.216,4,467,job finish
2342.216,4,468,job start
2342.471,1,476,job finish
2342.471,1,477,job start
2342.864,0,481,job finish
2342.864,0,482,job start
2344.596,3,468,job finish
2344.596,3,469,job start
2345.098,2,473,job finish
2345.098,2,474,job start
2346.109,4,468,job finish
2346.109,4,469,job start
2346.176,0,482,job finish
2347.242,2,474,job finish
2347.989,1,477,job finish
2347.989,1,478,job start
2347.989,0,483,job start
2348.883,3,469,job finish
2348.883,3,470,job start
2348.883,2,475,job start
2349.135,4,469,job finish
2349.135,4,470,job start
2350.766,1,478,job finish
2350.766,1,479,job start
2351.128,2,475,job finish
2351.593,0,483,job finish
2351.593,0,484,job start
2352.356,4,470,job finish
2353.036,1,479,job finish
2353.036,1,480,job start
2353.824,0,484,job finish
2353.824,0,485,job start
2354.21,3,470,job finish
2354.21,4,471,job start
2354.21,3,471,job start
2354.21,2,476,job start
2355.896,0,485,job finish
2356.363,1,480,job finish
2356.363,1,481,job start
2356.363,0,486,job start
2356.44,4,471,job finish
2358.0,2,476,job finish
2359.662,0,486,job finish
2360.095,1,481,job finish
2360.995,3,471,job finish
2360.995,4,472,job start
2360.995,3,472,job start
2360.995,2,477,job start
2360.995,1,482,job start
2360.995,0,487,job start
2363.092,0,487,job finish
2363.528,4,472,job finish
2364.111,1,482,job finish
2365.276,3,472,job finish
2365.276,4,473,job start
2365.276,3,473,job start
2367.509,4,473,job finish
2369.109,2,477,job finish
2369.109,2,478,job start
2369.109,1,483,job start
2369.109,0,488,job start
2371.51,0,488,job finish
2371.814,1,483,job finish
2372.407,2,478,job finish
2374.129,3,473,job finish
2374.129,4,474,job start
2374.129,3,474,job start
2374.129,2,479,job start
2374.129,1,484,job start
2374.129,0,489,job start
2376.645,3,474,job finish
2376.645,3,475,job start
2376.873,4,474,job finish
2376.873,4,475,job start
2377.079,2,479,job finish
2377.079,2,480,job start
2377.081,1,484,job finish
2377.081,1,485,job start
2379.751,2,480,job finish
2379.978,4,475,job finish
2380.995,0,489,job finish
2380.995,0,490,job start
2382.271,1,485,job finish
2387.884,3,475,job finish
2387.884,4,476,job start
2387.884,3,476,job start
2387.884,2,481,job start
2387.884,1,486,job start
2388.12,0,490,job finish
2388.12,0,491,job start
2390.137,1,486,job finish
2391.1,3,476,job finish
2391.1,3,477,job start
2391.37,0,491,job finish
2393.721,4,476,job finish
2393.721,4,477,job start
2393.963,3,477,job finish
2393.963,3,478,job start
2394.857,2,481,job finish
2394.857,2,482,job start
2394.857,1,487,job start
2394.857,0,492,job start
2397.665,1,487,job finish
2397.75,3,478,job finish
2397.75,3,479,job start
2399.679,0,492,job finish
2400.14,4,477,job finish
2400.14,4,478,job start
2401.305,3,479,job finish
2401.305,3,480,job start
2402.473,2,482,job finish
2402.473,2,483,job start
2402.473,1,488,job start
2402.473,0,493,job start
2403.959,3,480,job finish
2403.959,3,481,job start
2404.825,2,483,job finish
2404.825,2,484,job start
2406.483,3,481,job finish
2406.483,3,482,job start
2407.019,4,478,job finish
2407.019,4,479,job start
2407.216,2,484,job finish
2407.216,2,485,job start
2409.65,4,479,job finish
2409.65,4,480,job start
2412.225,0,493,job finish
2412.239,3,482,job finish
2412.239,3,483,job start
2412.468,2,485,job finish
2412.468,2,486,job start
2412.642,1,488,job finish
2412.642,1,489,job start
2412.642,0,494,job start
2415.31,0,494,job finish
2415.717,4,480,job finish
2415.717,4,481,job start
2415.734,3,483,job finish
2415.734,3,484,job start
2416.711,1,489,job finish
2416.711,1,490,job start
2416.711,0,495,job start
2417.947,4,481,job finish
2417.947,4,482,job start
2418.152,2,486,job finish
2418.152,2,487,job start
2419.057,1,490,job finish
2419.057,1,491,job start
2420.029,4,482,job finish
2420.029,4,483,job start
2420.113,3,484,job finish
2420.113,3,485,job start
2420.413,2,487,job finish
2420.413,2,488,job start
2421.345,1,491,job finish
2421.345,1,492,job start
2421.392,0,495,job finish
2421.392,0,496,job start
2423.799,1,492,job finish
2423.799,1,493,job start
2425.499,2,488,job finish
2425.499,2,489,job start
2426.024,4,483,job finish
2426.024,4,484,job start
2426.672,1,493,job finish
2426.672,1,494,job start
2426.85,3,485,job finish
2426.85,3,486,job start
2428.739,2,489,job finish
2428.739,2,490,job start
2429.015,0,496,job finish
2429.015,0,497,job start
2429.134,1,494,job finish
2429.134,1,495,job start
2429.665,4,484,job finish
2429.665,4,485,job start
2429.892,3,486,job finish
2429.892,3,487,job start
2431.611,2,490,job finish
2431.611,2,491,job start
2432.765,3,487,job finish
2432.765,3,488,job start
2433.804,4,485,job finish
2433.804,4,486,job start
2434.914,0,497,job finish
2434.914,0,498,job start
2435.497,1,495,job finish
2435.497,1,496,job start
2438.797,1,496,job finish
2439.233,3,488,job finish
2439.233,3,489,job start
2439.721,4,486,job finish
2439.721,4,487,job start
2440.785,0,498,job finish
2440.785,0,499,job start
2443.516,2,491,job finish
2443.516,2,492,job start
2443.516,1,497,job start
2443.88,0,499,job finish
2443.88,0,500,job start
2444.21,4,487,job finish
2444.21,4,488,job start
2445.459,3,489,job finish
2445.459,3,490,job start
2445.742,2,492,job finish
2445.742,2,493,job start
2446.008,1,497,job finish
2446.008,1,498,job start
2446.03,0,500,job finish
2446.03,0,501,job start
2448.124,2,493,job finish
2448.124,2,494,job start
2448.35,0,501,job finish
2448.35,0,502,job start
2449.091,4,488,job finish
2449.091,4,489,job start
2449.219,3,490,job finish
2449.219,3,491,job start
2452.15,1,498,job finish
2452.15,1,499,job start
2452.583,2,494,job finish
2452.583,2,495,job start
2452.825,4,489,job finish
2452.825,4,490,job start
2453.858,3,491,job finish
2453.858,3,492,job start
2455.85,1,499,job finish
2455.85,1,500,job start
2455.872,4,490,job finish
2455.872,4,491,job start
2457.422,0,502,job finish
2457.422,0,503,job start
2458.186,3,492,job finish
2458.186,3,493,job start
2458.379,1,500,job finish
2460.732,2,495,job finish
2460.732,2,496,job start
2460.732,1,501,job start
2461.408,4,491,job finish
2461.408,4,492,job start
2462.358,0,503,job finish
2462.358,0,504,job start
2463.459,1,501,job finish
2463.487,2,496,job finish
2463.487,2,497,job start
2463.487,1,502,job start
2464.305,4,492,job finish
2464.305,4,493,job start
2465.186,0,504,job finish
2465.186,0,505,job start
2465.507,3,493,job finish
2465.507,3,494,job start
2465.745,2,497,job finish
2465.745,2,498,job start
2467.214,0,505,job finish
2467.214,0,506,job start
2468.853,1,502,job finish
2468.853,1,503,job start
2469.845,3,494,job finish
2469.845,3,495,job start
2469.869,0,506,job finish
2469.869,0,507,job start
2470.848,2,498,job finish
2470.848,2,499,job start
2472.072,0,507,job finish
2472.072,0,508,job start
2472.844,1,503,job finish
2472.844,1,504,job start
2473.675,4,493,job finish
2473.675,4,494,job start
2473.813,3,495,job finish
2473.813,3,496,job start
2474.898,0,508,job finish
2474.898,0,509,job start
2475.229,2,499,job finish
2475.229,2,500,job start
2476.727,4,494,job finish
2476.727,4,495,job start
2477.152,0,509,job finish
2477.567,1,504,job finish
2477.567,1,505,job start
2477.567,0,510,job start
2477.904,3,496,job finish
2477.904,3,497,job start
2478.55,2,500,job finish
2478.55,2,501,job start
2479.226,4,495,job finish
2479.226,4,496,job start
2480.129,1,505,job finish
2480.129,1,506,job start
2480.477,3,497,job finish
2480.477,3,498,job start
2480.622,2,501,job finish
2480.622,2,502,job start
2481.037,0,510,job finish
2481.037,0,511,job start
2482.788,4,496,job finish
2482.788,4,497,job start
2483.232,2,502,job finish
2483.232,2,503,job start
2483.863,1,506,job finish
2483.863,1,507,job start
2484.843,3,498,job finish
2484.843,3,499,job start
2486.248,0,511,job finish
2486.248,0,512,job start
2486.591,2,503,job finish
2486.591,2,504,job start
2488.135,3,499,job finish
2488.135,3,500,job start
2488.396,4,497,job finish
2488.396,4,498,job start
2489.826,0,512,job finish
2490.92,2,504,job finish
2490.92,2,505,job start
2491.323,1,507,job finish
2491.323,1,508,job start
2491.323,0,513,job start
2491.46,3,500,job finish
2491.46,3,501,job start
2493.49,4,498,job finish
2493.49,4,499,job start
2493.676,2,505,job finish
2493.676,2,506,job start
2495.596,3,501,job finish
2495.596,3,502,job start
2496.025,2,506,job finish
2496.025,2,507,job start
2497.231,0,513,job finish
2498.031,1,508,job finish
2498.031,1,509,job start
2498.031,0,514,job start
2498.103,2,507,job finish
2499.31,4,499,job finish
2499.31,4,500,job start
2500.101,3,502,job finish
2500.101,3,503,job start
2500.101,2,508,job start
2502.118,0,514,job finish
2502.35,4,500,job finish
2502.35,4,501,job start
2503.697,3,503,job finish
2503.697,3,504,job start
2506.437,4,501,job finish
2506.437,4,502,job start
2506.645,3,504,job finish
2506.645,3,505,job start
2509.217,2,508,job finish
2509.217,2,509,job start
2509.488,3,505,job finish
2509.488,3,506,job start
2512.148,3,506,job finish
2512.148,3,507,job start
2514.033,1,509,job finish
2514.033,1,510,job start
2514.033,0,515,job start
2514.081,4,502,job finish
2514.081,4,503,job start
2515.235,2,509,job finish
2515.235,2,510,job start
2515.921,3,507,job finish
2515.921,3,508,job start
2517.373,2,510,job finish
2518.016,0,515,job finish
2518.424,4,503,job finish
2518.424,4,504,job start
2521.553,1,510,job finish
2521.553,2,511,job start
2521.553,1,511,job start
2521.553,0,516,job start
2521.951,4,504,job finish
2521.951,4,505,job start
2522.804,3,508,job finish
2522.804,3,509,job start
2523.729,2,511,job finish
2525.28,3,509,job finish
2525.28,3,510,job start
2525.421,4,505,job finish
2525.421,4,506,job start
2527.132,0,516,job finish
2528.413,3,510,job finish
2528.413,3,511,job start
2528.617,4,506,job finish
2528.617,4,507,job start
2530.306,1,511,job finish
2530.306,2,512,job start
2530.306,1,512,job start
2530.306,0,517,job start
2531.231,4,507,job finish
2531.231,4,508,job start
2532.412,3,511,job finish
2532.412,3,512,job start
2532.414,2,512,job finish
2533.413,0,517,job finish
2534.449,1,512,job finish
2534.449,2,513,job start
2534.449,1,513,job start
2534.449,0,518,job start
2535.522,4,508,job finish
2535.522,4,509,job start
2536.772,1,513,job finish
2536.772,1,514,job start
2538.284,0,518,job finish
2538.284,0,519,job start
2538.51,2,513,job finish
2538.51,2,514,job start
2540.43,3,512,job finish
2540.43,3,513,job start
2540.505,0,519,job finish
2540.93,1,514,job finish
2540.93,1,515,job start
2540.93,0,520,job start
2541.986,2,514,job finish
2541.986,2,515,job start
2543.002,3,513,job finish
2543.002,3,514,job start
2544.194,1,515,job finish
2544.194,1,516,job start
2544.363,2,515,job finish
2544.363,2,516,job start
2544.532,4,509,job finish
2544.532,4,510,job start
2546.632,0,520,job finish
2546.632,0,521,job start
2546.816,2,516,job finish
2547.258,4,510,job finish
2547.258,4,511,job start
2548.821,3,514,job finish
2548.821,3,515,job start
2548.908,1,516,job finish
2548.908,2,517,job start
2548.908,1,517,job start
2550.345,0,521,job finish
2550.345,0,522,job start
2551.089,2,517,job finish
2553.284,0,522,job finish
2553.752,4,511,job finish
2553.752,4,512,job start
2556.225,1,517,job finish
2556.225,2,518,job start
2556.225,1,518,job start
2556.225,0,523,job start
2556.655,4,512,job finish
2556.655,4,513,job start
2558.857,1,518,job finish
2558.857,1,519,job start
2560.921,0,523,job finish
2560.921,0,524,job start
2561.046,4,513,job finish
2561.046,4,514,job start
2562.309,2,518,job finish
2562.309,2,519,job start
2562.364,3,515,job finish
2562.364,3,516,job start
2564.185,0,524,job finish
2567.839,3,516,job finish
2567.839,3,517,job start
2568.024,1,519,job finish
2568.024,1,520,job start
2568.024,0,525,job start
2568.873,2,519,job finish
2568.873,2,520,job start
2570.37,4,514,job finish
2570.37,4,515,job start
2571.379,3,517,job finish
2571.379,3,518,job start
2571.667,0,525,job finish
2572.031,2,520,job finish
2572.543,1,520,job finish
2572.543,2,521,job start
2572.543,1,521,job start
2572.543,0,526,job start
2572.558,4,515,job finish
2572.558,4,516,job start
2575.071,3,518,job finish
2575.071,3,519,job start
2576.569,2,521,job finish
2578.185,3,519,job finish
2578.185,3,520,job start
2578.192,0,526,job finish
2579.435,1,521,job finish
2579.435,2,522,job start
2579.435,1,522,job start
2579.435,0,527,job start
2581.854,1,522,job finish
2581.854,1,523,job start
2581.882,3,520,job finish
2581.882,3,521,job start
2582.589,0,527,job finish
2582.589,0,528,job start
2583.333,2,522,job finish
2583.333,2,523,job start
2584.168,3,521,job finish
2584.368,4,516,job finish
2584.368,4,517,job start
2584.368,3,522,job start
2586.103,2,523,job finish
2586.663,4,517,job finish
2586.663,4,518,job start
2586.739,3,522,job finish
2586.739,3,523,job start
2588.729,0,528,job finish
2588.966,4,518,job finish
2588.966,4,519,job start
2590.236,3,523,job finish
2590.236,3,524,job start
2592.469,4,519,job finish
2592.469,4,520,job start
2593.406,3,524,job finish
2595.113,4,520,job finish
2595.113,4,521,job start
2596.196,1,523,job finish
2596.196,2,524,job start
2596.196,1,524,job start
2596.196,0,529,job start
2597.186,4,521,job finish
2597.186,4,522,job start
2599.306,0,529,job finish
2599.894,2,524,job finish
2599.894,3,525,job start
2600.241,1,524,job finish
2600.241,2,525,job start
2600.241,1,525,job start
2600.241,0,530,job start
2601.04,4,522,job finish
2601.04,4,523,job start
2602.401,3,525,job finish
2602.536,2,525,job finish
2602.536,3,526,job start
2603.677,1,525,job finish
2603.677,2,526,job start
2603.677,1,526,job start
2605.01,0,530,job finish
2605.01,0,531,job start
2605.722,2,526,job finish
2606.612,3,526,job finish
2606.612,3,527,job start
2607.607,4,523,job finish
2607.607,4,524,job start
2608.316,1,526,job finish
2608.316,2,527,job start
2608.316,1,527,job start
2609.161,0,531,job finish
2609.161,0,532,job start
2610.559,3,527,job finish
2610.981,2,527,job finish
2610.981,3,528,job start
2611.47,0,532,job finish
2612.529,4,524,job finish
2612.529,4,525,job start
2613.708,3,528,job finish
2614.003,1,527,job finish
2614.003,2,528,job start
2614.003,1,528,job start
2614.003,0,533,job start
2615.252,4,525,job finish
2615.252,4,526,job start
2616.31,2,528,job finish
2616.31,3,529,job start
2618.072,1,528,job finish
2618.072,2,529,job start
2618.072,1,529,job start
2619.221,4,526,job finish
2619.221,4,527,job start
2619.315,0,533,job finish
2619.315,0,534,job start
2620.925,2,529,job finish
2622.231,1,529,job finish
2622.231,2,530,job start
2622.231,1,530,job start
2622.348,3,529,job finish
2622.348,3,530,job start
2622.513,4,527,job finish
2622.513,4,528,job start
2625.04,0,534,job finish
2625.04,0,535,job start
2626.887,2,530,job finish
2626.904,4,528,job finish
2626.904,4,529,job start
2629.084,1,530,job finish
2629.084,2,531,job start
2629.084,1,531,job start
2629.74,0,535,job finish
2629.74,0,536,job start
2630.612,3,530,job finish
2630.612,3,531,job start
2631.521,4,529,job finish
2631.521,4,530,job start
2632.846,0,536,job finish
2633.537,3,531,job finish
2634.018,1,531,job finish
2634.018,1,532,job start
2634.018,0,537,job start
2637.269,1,532,job finish
2637.269,1,533,job start
2638.058,4,530,job finish
2638.058,4,531,job start
2639.501,0,537,job finish
2639.501,0,538,job start
2640.489,2,531,job finish
2640.489,3,532,job start
2640.489,2,532,job start
2642.298,4,531,job finish
2642.298,4,532,job start
2642.681,2,532,job finish
2642.681,2,533,job start
2642.932,1,533,job finish
2642.932,1,534,job start
2644.119,3,532,job finish
2644.119,3,533,job start
2645.571,0,538,job finish
2645.571,0,539,job start
2646.475,4,532,job finish
2646.475,4,533,job start
2647.286,3,533,job finish
2647.688,0,539,job finish
2648.616,1,534,job finish
2648.616,1,535,job start
2648.616,0,540,job start
2649.861,2,533,job finish
2649.861,3,534,job start
2649.861,2,534,job start
2653.284,0,540,job finish
2653.404,4,533,job finish
2653.404,4,534,job start
2655.006,1,535,job finish
2655.006,1,536,job start
2655.006,0,541,job start
2655.187,3,534,job finish
2657.532,0,541,job finish
2657.579,1,536,job finish
2657.579,1,537,job start
2657.579,0,542,job start
2660.403,2,534,job finish
2660.403,3,535,job start
2660.403,2,535,job start
2660.737,0,542,job finish
2662.124,4,534,job finish
2662.124,4,535,job start
2662.857,1,537,job finish
2662.857,1,538,job start
2662.857,0,543,job start
2663.547,3,535,job finish
2663.647,2,535,job finish
2663.647,3,536,job start
2663.647,2,536,job start
2665.652,0,543,job finish
2666.203,3,536,job finish
2666.569,4,535,job finish
2666.569,4,536,job start
2667.132,2,536,job finish
2667.132,3,537,job start
2667.132,2,537,job start
2668.436,1,538,job finish
2668.436,1,539,job start
2668.436,0,544,job start
2668.944,4,536,job finish
2668.944,4,537,job start
2669.276,2,537,job finish
2669.276,2,538,job start
2670.886,3,537,job finish
2670.886,3,538,job start
2671.61,0,544,job finish
2671.973,2,538,job finish
2671.973,2,539,job start
2673.825,4,537,job finish
2673.825,4,538,job start
2674.316,3,538,job finish
2674.316,3,539,job start
2675.817,1,539,job finish
2675.817,1,540,job start
2675.817,0,545,job start
2676.664,4,538,job finish
2676.664,4,539,job start
2678.124,1,540,job finish
2678.124,1,541,job start
2678.174,3,539,job finish
2679.524,2,539,job finish
2679.524,3,540,job start
2679.524,2,540,job start
2680.008,4,539,job finish
2680.008,4,540,job start
2681.052,1,541,job finish
2681.052,1,542,job start
2682.098,0,545,job finish
2682.098,0,546,job start
2682.41,2,540,job finish
2682.41,2,541,job start
2684.813,2,541,job finish
2684.813,2,542,job start
2684.952,3,540,job finish
2684.952,3,541,job start
2684.971,4,540,job finish
2684.971,4,541,job start
2686.54,0,546,job finish
2686.54,0,547,job start
2688.063,4,541,job finish
2688.456,3,541,job finish
2688.456,4,542,job start
2688.456,3,542,job start
2688.554,0,547,job finish
2688.652,2,542,job finish
2690.009,1,542,job finish
2690.009,2,543,job start
2690.009,1,543,job start
2690.009,0,548,job start
2692.181,0,548,job finish
2692.635,2,543,job finish
2693.417,3,542,job finish
2693.417,3,543,job start
2696.496,3,543,job finish
2696.496,3,544,job start
2696.755,1,543,job finish
2696.755,2,544,job start
2696.755,1,544,job start
2696.755,0,549,job start
2699.385,1,544,job finish
2699.385,1,545,job start
2699.548,4,542,job finish
2699.548,4,543,job start
2700.031,0,549,job finish
2700.031,0,550,job start
2700.162,2,544,job finish
2700.162,2,545,job start
2700.574,3,544,job finish
2700.574,3,545,job start
2701.783,1,545,job finish
2701.783,1,546,job start
2702.254,0,550,job finish
2702.254,0,551,job start
2702.303,2,545,job finish
2702.303,2,546,job start
2703.623,4,543,job finish
2703.623,4,544,job start
2704.58,1,546,job finish
2704.58,1,547,job start
2704.927,2,546,job finish
2704.927,2,547,job start
2705.943,0,551,job finish
2705.943,0,552,job start
2706.085,4,544,job finish
2706.085,4,545,job start
2707.47,3,545,job finish
2707.47,3,546,job start
2709.67,2,547,job finish
2710.06,3,546,job finish
2710.06,3,547,job start
2710.147,0,552,job finish
2711.157,1,547,job finish
2711.157,2,548,job start
2711.157,1,548,job start
2711.157,0,553,job start
2712.653,4,545,job finish
2712.653,4,546,job start
2713.532,2,548,job finish
2713.885,3,547,job finish
2713.885,3,548,job start
2714.357,0,553,job finish
2714.84,4,546,job finish
2714.84,4,547,job start
2716.2,1,548,job finish
2716.2,2,549,job start
2716.2,1,549,job start
2716.2,0,554,job start
2719.112,4,547,job finish
2719.112,4,548,job start
2719.335,2,549,job finish
2720.525,0,554,job finish
2721.744,1,549,job finish
2721.744,2,550,job start
2721.744,1,550,job start
2721.744,0,555,job start
2722.294,4,548,job finish
2725.836,2,550,job finish
2727.053,3,548,job finish
2727.053,4,549,job start
2727.053,3,549,job start
2727.212,1,550,job finish
2727.212,2,551,job start
2727.212,1,551,job start
2729.065,4,549,job finish
2729.345,0,555,job finish
2729.345,0,556,job start
2729.529,2,551,job finish
2732.669,3,549,job finish
2732.669,4,550,job start
2732.669,3,550,job start
2733.316,1,551,job finish
2733.316,2,552,job start
2733.316,1,552,job start
2734.539,0,556,job finish
2734.539,0,557,job start
2735.32,3,550,job finish
2735.32,3,551,job start
2736.491,2,552,job finish
2737.729,0,557,job finish
2737.884,3,551,job finish
2737.884,3,552,job start
2739.563,1,552,job finish
2739.563,2,553,job start
2739.563,1,553,job start
2739.563,0,558,job start
2740.637,4,550,job finish
2740.637,4,551,job start
2741.207,3,552,job finish
2741.207,3,553,job start
2744.201,3,553,job finish
2745.109,1,553,job finish
2745.109,1,554,job start
2745.516,4,551,job finish
2745.516,4,552,job start
2746.066,2,553,job finish
2746.066,3,554,job start
2746.066,2,554,job start
2747.382,1,554,job finish
2747.382,1,555,job start
2747.891,0,558,job finish
2747.891,0,559,job start
2748.216,4,552,job finish
2748.216,4,553,job start
2749.877,3,554,job finish
2751.061,2,554,job finish
2751.061,3,555,job start
2751.061,2,555,job start
2751.359,1,555,job finish
2751.359,1,556,job start
2753.452,3,555,job finish
2753.848,2,555,job finish
2753.848,3,556,job start
2753.848,2,556,job start
2754.936,1,556,job finish
2754.936,1,557,job start
2755.011,4,553,job finish
2755.011,4,554,job start
2756.158,0,559,job finish
2756.158,0,560,job start
2757.26,1,557,job finish
2757.26,1,558,job start
2757.337,3,556,job finish
2757.832,2,556,job finish
2757.832,3,557,job start
2757.832,2,557,job start
2758.278,0,560,job finish
2758.278,0,561,job start
2760.391,1,558,job finish
2760.391,1,559,job start
2760.679,0,561,job finish
2760.679,0,562,job start
2760.948,2,557,job finish
2760.948,2,558,job start
2761.813,3,557,job finish
2761.813,3,558,job start
2763.422,4,554,job finish
2763.422,4,555,job start
2763.586,2,558,job finish
2763.586,2,559,job start
2764.102,1,559,job finish
2764.102,1,560,job start
2765.038,0,562,job finish
2765.038,0,563,job start
2766.514,2,559,job finish
2766.514,2,560,job start
2767.354,4,555,job finish
2767.354,4,556,job start
2767.798,3,558,job finish
2767.798,3,559,job start
2768.992,1,560,job finish
2768.992,1,561,job start
2769.337,2,560,job finish
2769.337,2,561,job start
2769.592,0,563,job finish
2769.592,0,564,job start
2770.305,4,556,job finish
2770.305,4,557,job start
2774.572,0,564,job finish
2774.572,0,565,job start
2774.74,2,561,job finish
2776.472,4,557,job finish
2776.472,4,558,job start
2778.514,3,559,job finish
2778.514,3,560,job start
2778.664,4,558,job finish
2778.664,4,559,job start
2780.326,1,561,job finish
2780.326,2,562,job start
2780.326,1,562,job start
2780.924,0,565,job finish
2780.924,0,566,job start
2782.693,1,562,job finish
2782.693,1,563,job start
2784.201,4,559,job finish
2784.201,4,560,job start
2785.409,1,563,job finish
2785.409,1,564,job start
2785.574,2,562,job finish
2785.574,2,563,job start
2787.266,4,560,job finish
2787.575,0,566,job finish
2787.575,0,567,job start
2788.002,2,563,job finish
2788.002,2,564,job start
2788.354,1,564,job finish
2788.354,1,565,job start
2791.696,3,560,job finish
2791.696,4,561,job start
2791.696,3,561,job start
2792.647,0,567,job finish
2792.647,0,568,job start
2793.73,4,561,job finish
2794.391,3,561,job finish
2794.391,4,562,job start
2794.391,3,562,job start
2796.345,0,568,job finish
2796.345,0,569,job start
2796.352,1,565,job finish
2796.352,1,566,job start
2798.414,3,562,job finish
2798.414,3,563,job start
2800.694,0,569,job finish
2800.694,0,570,job start
2800.91,1,566,job finish
2800.91,1,567,job start
2802.444,2,564,job finish
2802.444,2,565,job start
2803.54,3,563,job finish
2803.54,3,564,job start
2805.42,2,565,job finish
2805.42,2,566,job start
2805.8,0,570,job finish
2805.8,0,571,job start
2808.048,3,564,job finish
2808.048,3,565,job start
2808.158,1,567,job finish
2808.158,1,568,job start
2808.324,2,566,job finish
2808.324,2,567,job start
2808.557,0,571,job finish
2808.557,0,572,job start
2809.695,4,562,job finish
2809.695,4,563,job start
2810.643,3,565,job finish
2810.643,3,566,job start
2811.554,2,567,job finish
2811.554,2,568,job start
2811.573,0,572,job finish
2811.573,0,573,job start
2812.01,1,568,job finish
2812.01,1,569,job start
2812.158,4,563,job finish
2812.158,4,564,job start
2813.918,3,566,job finish
2813.918,3,567,job start
2814.59,2,568,job finish
2814.59,2,569,job start
2815.511,4,564,job finish
2815.511,4,565,job start
2815.724,0,573,job finish
2815.724,0,574,job start
2815.828,1,569,job finish
2815.828,1,570,job start
2817.951,0,574,job finish
2817.951,0,575,job start
2817.985,2,569,job finish
2817.985,2,570,job start
2818.36,3,567,job finish
2818.36,3,568,job start
2820.059,0,575,job finish
2820.964,3,568,job finish
2820.964,3,569,job start
2821.1,2,570,job finish
2821.256,4,565,job finish
2821.256,4,566,job start
2823.567,4,566,job finish
2823.567,4,567,job start
2823.685,3,569,job finish
2823.685,3,570,job start
2824.538,1,570,job finish
2824.538,2,571,job start
2824.538,1,571,job start
2824.538,0,576,job start
2826.206,3,570,job finish
2826.206,3,571,job start
2827.516,2,571,job finish
2827.967,4,567,job finish
2827.967,4,568,job start
2828.192,0,576,job finish
2830.35,3,571,job finish
2830.35,3,572,job start
2830.475,4,568,job finish
2830.475,4,569,job start
2832.534,4,569,job finish
2832.534,4,570,job start
2834.588,4,570,job finish
2834.588,4,571,job start
2835.747,1,571,job finish
2835.747,2,572,job start
2835.747,1,572,job start
2835.747,0,577,job start
2837.582,4,571,job finish
2837.582,4,572,job start
2838.108,1,572,job finish
2838.108,1,573,job start
2838.636,2,572,job finish
2838.636,2,573,job start
2838.678,3,572,job finish
2838.678,3,573,job start
2839.737,4,572,job finish
2839.737,4,573,job start
2839.895,0,577,job finish
2839.895,0,578,job start
2841.342,3,573,job finish
2841.357,2,573,job finish
2841.357,3,574,job start
2842.747,0,578,job finish
2844.109,1,573,job finish
2844.109,2,574,job start
2844.109,1,574,job start
2844.109,0,579,job start
2844.562,4,573,job finish
2844.562,4,574,job start
2847.042,0,579,job finish
2847.723,2,574,job finish
2848.024,4,574,job finish
2849.997,3,574,job finish
2849.997,4,575,job start
2849.997,3,575,job start
2852.453,1,574,job finish
2852.453,2,575,job start
2852.453,1,575,job start
2852.453,0,580,job start
2852.605,3,575,job finish
2854.537,4,575,job finish
2854.537,4,576,job start
2855.075,2,575,job finish
2855.075,3,576,job start
2856.172,0,580,job finish
2858.693,4,576,job finish
2859.659,1,575,job finish
2859.659,2,576,job start
2859.659,1,576,job start
2859.659,0,581,job start
2861.697,0,581,job finish
2861.991,2,576,job finish
2862.501,3,576,job finish
2862.501,4,577,job start
2862.501,3,577,job start
2863.24,1,576,job finish
2863.24,2,577,job start
2863.24,1,577,job start
2863.24,0,582,job start
2865.113,3,577,job finish
2867.145,0,582,job finish
2867.206,2,577,job finish
2867.206,3,578,job start
2867.362,4,577,job finish
2867.362,4,578,job start
2870.949,4,578,job finish
2871.751,3,578,job finish
2871.751,4,579,job start
2872.1,1,577,job finish
2872.1,2,578,job start
2872.1,1,578,job start
2872.1,0,583,job start
2874.299,4,579,job finish
2875.526,2,578,job finish
2875.526,3,579,job start
2876.178,1,578,job finish
2876.178,2,579,job start
2876.178,1,579,job start
2876.568,0,583,job finish
2876.568,0,584,job start
2877.999,3,579,job finish
2877.999,4,580,job start
2878.887,1,579,job finish
2878.887,1,580,job start
2879.258,2,579,job finish
2879.258,3,580,job start
2879.258,2,580,job start
2880.445,0,584,job finish
2880.445,0,585,job start
2881.057,4,580,job finish
2882.808,2,580,job finish
2883.766,3,580,job finish
2883.766,4,581,job start
2883.766,3,581,job start
2885.109,1,580,job finish
2885.109,2,581,job start
2885.109,1,581,job start
2887.07,3,581,job finish
2887.279,0,585,job finish
2887.279,0,586,job start
2887.612,4,581,job finish
2887.612,4,582,job start
2888.193,2,581,job finish
2888.193,3,582,job start
2889.161,1,581,job finish
2889.161,2,582,job start
2889.161,1,582,job start
2890.902,4,582,job finish
2890.91,3,582,job finish
2890.91,4,583,job start
2891.96,0,586,job finish
2891.96,0,587,job start
2892.226,2,582,job finish
2892.226,3,583,job start
2893.86,1,582,job finish
2893.86,2,583,job start
2893.86,1,583,job start
2894.255,0,587,job finish
2894.255,0,588,job start
2896.473,0,588,job finish
2896.566,3,583,job finish
2897.682,4,583,job finish
2897.682,4,584,job start
2897.906,1,583,job finish
2897.906,1,584,job start
2897.906,0,589,job start
2898.919,2,583,job finish
2898.919,3,584,job start
2898.919,2,584,job start
2900.232,4,584,job finish
2900.801,1,584,job finish
2900.801,1,585,job start
2902.708,0,589,job finish
2902.708,0,590,job start
2902.934,3,584,job finish
2902.934,4,585,job start
2903.043,2,584,job finish
2903.043,3,585,job start
2903.043,2,585,job start
2906.431,4,585,job finish
2906.477,3,585,job finish
2906.477,4,586,job start
2906.759,0,590,job finish
2908.531,1,585,job finish
2908.531,1,586,job start
2908.531,0,591,job start
2908.712,2,585,job finish
2908.712,3,586,job start
2908.712,2,586,job start
2911.882,1,586,job finish
2911.882,1,587,job start
2912.39,3,586,job finish
2912.613,0,591,job finish
2912.613,0,592,job start
2912.838,4,586,job finish
2912.838,4,587,job start
2913.111,2,586,job finish
2913.111,3,587,job start
2913.111,2,587,job start
2915.486,1,587,job finish
2915.486,1,588,job start
2915.849,3,587,job finish
2916.122,2,587,job finish
2916.122,3,588,job start
2916.122,2,588,job start
2917.011,0,592,job finish
2917.011,0,593,job start
2918.93,4,587,job finish
2918.93,4,588,job start
2919.549,1,588,job finish
2919.549,1,589,job start
2920.721,2,588,job finish
2920.721,2,589,job start
2920.916,3,588,job finish
2920.916,3,589,job start
2921.817,4,588,job finish
2921.817,4,589,job start
2923.845,4,589,job finish
2924.596,0,593,job finish
2924.596,0,594,job start
2925.686,1,589,job finish
2925.686,1,590,job start
2927.116,2,589,job finish
2927.116,2,590,job start
2928.007,0,594,job finish
2928.007,0,595,job start
2928.217,3,589,job finish
2928.217,4,590,job start
2928.217,3,590,job start
2929.686,1,590,job finish
2929.686,1,591,job start
2931.051,0,595,job finish
2931.051,0,596,job start
2931.587,2,590,job finish
2931.587,2,591,job start
2932.273,1,591,job finish
2932.273,1,592,job start
2932.341,3,590,job finish
2932.341,3,591,job start
2935.494,4,590,job finish
2935.494,4,591,job start
2935.974,3,591,job finish
2937.541,0,596,job finish
2937.541,0,597,job start
2939.366,2,591,job finish
2939.366,3,592,job start
2939.366,2,592,job start
2939.464,4,591,job finish
2939.464,4,592,job start
2941.604,0,597,job finish
2941.63,3,592,job finish
2943.166,2,592,job finish
2943.166,3,593,job start
2943.513,1,592,job finish
2943.513,2,593,job start
2943.513,1,593,job start
2943.513,0,598,job start
2945.752,2,593,job finish
2946.306,1,593,job finish
2946.306,2,594,job start
2946.306,1,594,job start
2947.791,3,593,job finish
2947.791,3,594,job start
2949.776,4,592,job finish
2949.776,4,593,job start
2949.999,0,598,job finish
2949.999,0,599,job start
2952.099,2,594,job finish
2952.206,1,594,job finish
2952.206,2,595,job start
2952.206,1,595,job start
2952.265,4,593,job finish
2952.265,4,594,job start
2952.714,0,599,job finish
2952.714,0,600,job start
2955.725,3,594,job finish
2955.725,3,595,job start
2956.141,0,600,job finish
2956.523,4,594,job finish
2956.523,4,595,job start
2956.648,1,595,job finish
2956.648,1,596,job start
2956.648,0,601,job start
2957.743,2,595,job finish
2957.743,2,596,job start
2958.792,3,595,job finish
2958.792,3,596,job start
2958.976,0,601,job finish
2961.044,4,595,job finish
2961.044,4,596,job start
2961.75,1,596,job finish
2961.75,1,597,job start
2961.75,0,602,job start
2962.416,3,596,job finish
2962.794,2,596,job finish
2962.794,3,597,job start
2962.794,2,597,job start
2963.801,0,602,job finish
2964.673,4,596,job finish
2964.673,4,597,job start
2966.704,1,597,job finish
2966.704,1,598,job start
2966.704,0,603,job start
2966.861,3,597,job finish
2968.873,0,603,job finish
2969.816,1,598,job finish
2969.816,1,599,job start
2969.816,0,604,job start
2971.263,2,597,job finish
2971.263,3,598,job start
2971.263,2,598,job start
2973.385,0,604,job finish
2974.211,4,597,job finish
2974.211,4,598,job start
2978.166,3,598,job finish
2978.956,2,598,job finish
2978.956,3,599,job start
2978.956,2,599,job start
2979.607,1,599,job finish
2979.607,1,600,job start
2979.607,0,605,job start
2980.987,4,598,job finish
2980.987,4,599,job start
2982.477,3,599,job finish
2982.79,0,605,job finish
2983.464,2,599,job finish
2983.464,3,600,job start
2983.464,2,600,job start
2984.747,1,600,job finish
2984.747,1,601,job start
2984.747,0,606,job start
2986.147,3,600,job finish
2986.785,4,599,job finish
2986.785,4,600,job start
2987.221,1,601,job finish
2987.221,1,602,job start
2987.275,0,606,job finish
2987.275,0,607,job start
2987.546,2,600,job finish
2987.546,3,601,job start
2987.546,2,601,job start
2989.538,4,600,job finish
2989.538,4,601,job start
2989.759,0,607,job finish
2990.546,1,602,job finish
2990.546,1,603,job start
2990.546,0,608,job start
2990.944,3,601,job finish
2992.585,2,601,job finish
2992.585,3,602,job start
2992.585,2,602,job start
2992.775,0,608,job finish
2994.408,4,601,job finish
2994.408,4,602,job start
2994.73,2,602,job finish
2994.73,2,603,job start
2996.317,1,603,job finish
2996.317,1,604,job start
2996.317,0,609,job start
2998.526,2,603,job finish
2998.526,2,604,job start
2998.837,4,602,job finish
3000.32,1,604,job finish
3000.32,1,605,job start
3000.442,3,602,job finish
3000.442,4,603,job start
3000.442,3,603,job start
3000.573,0,609,job finish
3000.573,0,610,job start
3001.678,2,604,job finish
3001.678,2,605,job start
3002.946,4,603,job finish
3003.104,0,610,job finish
3003.352,3,603,job finish
3003.352,4,604,job start
3003.352,3,604,job start
3005.106,1,605,job finish
3005.106,1,606,job start
3005.106,0,611,job start
3005.536,2,605,job finish
3005.536,2,606,job start
3007.196,3,604,job finish
3007.196,3,605,job start
3007.464,4,604,job finish
3007.464,4,605,job start
3007.825,1,606,job finish
3007.825,1,607,job start
3008.555,0,611,job finish
3008.555,0,612,job start
3009.448,2,606,job finish
3009.448,2,607,job start
3009.719,4,605,job finish
3010.656,3,605,job finish
3010.656,4,606,job start
3010.656,3,606,job start
3011.695,2,607,job finish
3011.908,0,612,job finish
3011.97,1,607,job finish
3011.97,2,608,job start
3011.97,1,608,job start
3011.97,0,613,job start
3014.046,0,613,job finish
3014.196,4,606,job finish
3014.297,1,608,job finish
3014.297,1,609,job start
3014.297,0,614,job start
3015.55,2,608,job finish
3015.55,2,609,job start
3016.862,0,614,job finish
3016.959,3,606,job finish
3016.959,4,607,job start
3016.959,3,607,job start
3017.012,1,609,job finish
3017.012,1,610,job start
3017.012,0,615,job start
3018.121,2,609,job finish
3018.121,2,610,job start
3019.046,0,615,job finish
3019.319,1,610,job finish
3019.319,1,611,job start
3019.319,0,616,job start
3021.028,2,610,job finish
3021.028,2,611,job start
3021.062,3,607,job finish
3021.062,3,608,job start
3021.53,4,607,job finish
3021.53,4,608,job start
3022.22,1,611,job finish
3022.22,1,612,job start
3024.14,0,616,job finish
3024.14,0,617,job start
3024.369,4,608,job finish
3024.933,1,612,job finish
3024.933,1,613,job start
3026.211,3,608,job finish
3026.211,4,609,job start
3026.211,3,609,job start
3026.69,2,611,job finish
3026.69,2,612,job start
3028.137,1,613,job finish
3028.137,1,614,job start
3028.916,3,609,job finish
3028.916,3,610,job start
3029.687,4,609,job finish
3029.687,4,610,job start
3030.459,1,614,job finish
3030.459,1,615,job start
3032.153,4,610,job finish
3032.373,2,612,job finish
3032.373,2,613,job start
3033.076,3,610,job finish
3033.076,4,611,job start
3033.076,3,611,job start
3033.732,1,615,job finish
3033.732,1,616,job start
3035.106,2,613,job finish
3035.106,2,614,job start
3035.483,0,617,job finish
3035.483,0,618,job start
3036.164,3,611,job finish
3036.164,3,612,job start
3036.416,1,616,job finish
3036.416,1,617,job start
3036.959,4,611,job finish
3036.959,4,612,job start
3038.515,0,618,job finish
3038.515,0,619,job start
3039.011,2,614,job finish
3039.011,2,615,job start
3040.33,3,612,job finish
3040.33,3,613,job start
3040.647,1,617,job finish
3040.647,1,618,job start
3041.836,2,615,job finish
3041.836,2,616,job start
3043.695,0,619,job finish
3043.695,0,620,job start
3043.877,3,613,job finish
3043.877,3,614,job start
3044.791,2,616,job finish
3044.791,2,617,job start
3045.811,1,618,job finish
3045.811,1,619,job start
3045.976,4,612,job finish
3045.976,4,613,job start
3047.217,2,617,job finish
3047.217,2,618,job start
3049.96,0,620,job finish
3049.96,0,621,job start
3050.652,1,619,job finish
3050.652,1,620,job start
3051.094,2,618,job finish
3051.094,2,619,job start
3051.307,4,613,job finish
3051.307,4,614,job start
3052.482,0,621,job finish
3052.482,0,622,job start
3053.207,3,614,job finish
3053.207,3,615,job start
3053.63,4,614,job finish
3053.63,4,615,job start
3053.687,1,620,job finish
3053.687,1,621,job start
3053.859,2,619,job finish
3053.859,2,620,job start
3056.116,4,615,job finish
3056.696,0,622,job finish
3056.696,0,623,job start
3057.022,2,620,job finish
3057.26,3,615,job finish
3057.26,4,616,job start
3057.26,3,616,job start
3057.26,2,621,job start
3057.658,1,621,job finish
3057.658,1,622,job start
3058.994,0,623,job finish
3058.994,0,624,job start
3061.021,0,624,job finish
3061.021,0,625,job start
3061.03,4,616,job finish
3061.605,1,622,job finish
3061.605,1,623,job start
3062.851,3,616,job finish
3062.851,4,617,job start
3062.851,3,617,job start
3063.418,2,621,job finish
3063.418,2,622,job start
3065.569,0,625,job finish
3065.569,0,626,job start
3065.792,3,617,job finish
3065.792,3,618,job start
3066.864,4,617,job finish
3066.864,4,618,job start
3068.976,0,626,job finish
3068.976,0,627,job start
3069.239,1,623,job finish
3069.239,1,624,job start
3070.338,2,622,job finish
3070.338,2,623,job start
3070.55,3,618,job finish
3070.55,3,619,job start
3071.767,1,624,job finish
3071.767,1,625,job start
3072.875,2,623,job finish
3072.875,2,624,job start
3073.489,0,627,job finish
3073.489,0,628,job start
3073.85,4,618,job finish
3073.85,4,619,job start
3073.984,3,619,job finish
3073.984,3,620,job start
3074.906,1,625,job finish
3074.906,1,626,job start
3075.498,0,628,job finish
3075.498,0,629,job start
3076.84,3,620,job finish
3076.84,3,621,job start
3077.233,2,624,job finish
3077.233,2,625,job start
3077.389,4,619,job finish
3077.389,4,620,job start
3077.478,1,626,job finish
3077.478,1,627,job start
3080.362,4,620,job finish
3080.362,4,621,job start
3080.503,2,625,job finish
3080.503,2,626,job start
3080.881,3,621,job finish
3080.881,3,622,job start
3081.602,1,627,job finish
3081.602,1,628,job start
3083.209,2,626,job finish
3083.209,2,627,job start
3083.31,4,621,job finish
3083.31,4,622,job start
3083.341,3,622,job finish
3083.341,3,623,job start
3085.589,4,622,job finish
3085.589,4,623,job start
3085.709,0,629,job finish
3085.709,0,630,job start
3085.914,2,627,job finish
3085.914,2,628,job start
3088.119,0,630,job finish
3088.119,0,631,job start
3088.964,4,623,job finish
3091.667,2,628,job finish
3091.902,3,623,job finish
3091.902,4,624,job start
3091.902,3,624,job start
3092.712,1,628,job finish
3092.712,2,629,job start
3092.712,1,629,job start
3095.084,1,629,job finish
3095.084,1,630,job start
3095.186,4,624,job finish
3095.853,3,624,job finish
3095.853,4,625,job start
3095.853,3,625,job start
3096.843,0,631,job finish
3096.843,0,632,job start
3098.1,1,630,job finish
3098.1,1,631,job start
3098.161,3,625,job finish
3098.161,3,626,job start
3099.103,0,632,job finish
3099.103,0,633,job start
3100.239,2,629,job finish
3100.239,2,630,job start
3102.248,2,630,job finish
3102.248,2,631,job start
3103.846,4,625,job finish
3103.846,4,626,job start
3104.093,3,626,job finish
3104.093,3,627,job start
3105.36,2,631,job finish
3106.022,0,633,job finish
3106.022,0,634,job start
3106.712,4,626,job finish
3106.712,4,627,job start
3109.86,0,634,job finish
3109.86,0,635,job start
3111.397,4,627,job finish
3112.277,3,627,job finish
3112.277,4,628,job start
3112.277,3,628,job start
3113.247,1,631,job finish
3113.247,2,632,job start
3113.247,1,632,job start
3114.244,0,635,job finish
3114.244,0,636,job start
3116.05,3,628,job finish
3116.05,3,629,job start
3116.573,0,636,job finish
3116.573,0,637,job start
3117.124,4,628,job finish
3117.124,4,629,job start
3118.84,3,629,job finish
3118.84,3,630,job start
3120.208,4,629,job finish
3120.208,4,630,job start
3121.452,2,632,job finish
3122.727,1,632,job finish
3122.727,2,633,job start
3122.727,1,633,job start
3122.735,0,637,job finish
3122.735,0,638,job start
3125.687,2,633,job finish
3125.715,1,633,job finish
3125.715,2,634,job start
3125.715,1,634,job start
3125.789,4,630,job finish
3126.228,0,638,job finish
3126.228,0,639,job start
3126.377,3,630,job finish
3126.377,4,631,job start
3126.377,3,631,job start
3129.291,4,631,job finish
3129.309,2,634,job finish
3129.419,0,639,job finish
3130.023,1,634,job finish
3130.023,2,635,job start
3130.023,1,635,job start
3130.023,0,640,job start
3132.878,2,635,job finish
3133.227,3,631,job finish
3133.227,4,632,job start
3133.227,3,632,job start
3133.548,0,640,job finish
3134.953,1,635,job finish
3134.953,2,636,job start
3134.953,1,636,job start
3134.953,0,641,job start
3135.804,4,632,job finish
3136.268,3,632,job finish
3136.268,4,633,job start
3136.268,3,633,job start
3137.456,2,636,job finish
3137.498,0,641,job finish
3138.591,3,633,job finish
3138.591,3,634,job start
3139.191,1,636,job finish
3139.191,2,637,job start
3139.191,1,637,job start
3139.191,0,642,job start
3141.367,2,637,job finish
3141.635,3,634,job finish
3141.635,3,635,job start
3142.062,0,642,job finish
3143.752,4,633,job finish
3143.752,4,634,job start
3144.089,3,635,job finish
3144.089,3,636,job start
3145.69,1,637,job finish
3145.69,2,638,job start
3145.69,1,638,job start
3145.69,0,643,job start
3147.472,3,636,job finish
3147.472,3,637,job start
3148.545,1,638,job finish
3148.545,1,639,job start
3149.082,4,634,job finish
3149.082,4,635,job start
3151.758,4,635,job finish
3151.758,4,636,job start
3151.882,2,638,job finish
3151.882,2,639,job start
3152.161,3,637,job finish
3152.161,3,638,job start
3152.235,1,639,job finish
3152.235,1,640,job start
3154.523,1,640,job finish
3154.523,1,641,job start
3154.78,2,639,job finish
3154.78,2,640,job start
3154.839,0,643,job finish
3154.839,0,644,job start
3155.892,4,636,job finish
3155.892,4,637,job start
3155.974,3,638,job finish
3155.974,3,639,job start
3156.799,1,641,job finish
3156.799,1,642,job start
3158.273,3,639,job finish
3158.273,3,640,job start
3158.414,0,644,job finish
3158.414,0,645,job start
3159.771,2,640,job finish
3159.771,2,641,job start
3160.688,0,645,job finish
3160.688,0,646,job start
3160.969,3,640,job finish
3160.969,3,641,job start
3161.573,4,637,job finish
3161.573,4,638,job start
3161.777,2,641,job finish
3161.777,2,642,job start
3163.411,0,646,job finish
3163.411,0,647,job start
3163.421,1,642,job finish
3163.421,1,643,job start
3163.853,2,642,job finish
3163.853,2,643,job start
3164.024,3,641,job finish
3164.024,3,642,job start
3165.668,0,647,job finish
3165.668,0,648,job start
3165.968,2,643,job finish
3167.512,4,638,job finish
3167.512,4,639,job start
3167.888,3,642,job finish
3167.888,3,643,job start
3168.318,1,643,job finish
3168.318,2,644,job start
3168.318,1,644,job start
3170.176,4,639,job finish
3170.176,4,640,job start
3170.898,2,644,job finish
3171.795,0,648,job finish
3171.795,0,649,job start
3172.028,3,643,job finish
3172.028,3,644,job start
3172.324,4,640,job finish
3172.324,4,641,job start
3174.408,0,649,job finish
3175.736,4,641,job finish
3175.736,4,642,job start
3176.368,1,644,job finish
3176.368,2,645,job start
3176.368,1,645,job start
3176.368,0,650,job start
3176.544,3,644,job finish
3176.544,3,645,job start
3178.29,4,642,job finish
3178.29,4,643,job start
3178.652,1,645,job finish
3178.652,1,646,job start
3179.547,2,645,job finish
3179.547,2,646,job start
3179.916,0,650,job finish
3179.916,0,651,job start
3179.948,3,645,job finish
3179.948,3,646,job start
3180.774,4,643,job finish
3180.774,4,644,job start
3181.533,1,646,job finish
3181.533,1,647,job start
3183.174,3,646,job finish
3185.428,1,647,job finish
3185.428,1,648,job start
3185.861,2,646,job finish
3185.861,3,647,job start
3185.861,2,647,job start
3188.767,4,644,job finish
3188.767,4,645,job start
3188.902,0,651,job finish
3188.902,0,652,job start
3189.071,2,647,job finish
3189.071,2,648,job start
3189.354,1,648,job finish
3189.354,1,649,job start
3190.357,3,647,job finish
3190.357,3,648,job start
3191.681,1,649,job finish
3191.681,1,650,job start
3192.514,4,645,job finish
3192.514,4,646,job start
3193.532,3,648,job finish
3194.612,2,648,job finish
3194.612,3,649,job start
3194.612,2,649,job start
3195.607,0,652,job finish
3195.607,0,653,job start
3196.897,2,649,job finish
3196.897,2,650,job start
3197.27,4,646,job finish
3197.27,4,647,job start
3197.464,1,650,job finish
3197.464,1,651,job start
3200.096,4,647,job finish
3200.096,4,648,job start
3200.503,1,651,job finish
3200.503,1,652,job start
3200.645,0,653,job finish
3200.645,0,654,job start
3202.378,4,648,job finish
3202.378,4,649,job start
3202.448,2,650,job finish
3202.448,2,651,job start
3204.428,3,649,job finish
3204.428,3,650,job start
3204.454,1,652,job finish
3204.454,1,653,job start
3204.855,2,651,job finish
3204.855,2,652,job start
3206.062,0,654,job finish
3206.062,0,655,job start
3206.973,4,649,job finish
3206.973,4,650,job start
3207.003,1,653,job finish
3207.003,1,654,job start
3207.052,3,650,job finish
3207.052,3,651,job start
3207.736,2,652,job finish
3207.736,2,653,job start
3210.011,1,654,job finish
3210.011,1,655,job start
3210.291,0,655,job finish
3210.291,0,656,job start
3210.365,4,650,job finish
3210.365,4,651,job start
3211.445,2,653,job finish
3211.445,2,654,job start
3212.854,0,656,job finish
3212.854,0,657,job start
3213.728,4,651,job finish
3213.775,2,654,job finish
3213.775,2,655,job start
3213.855,3,651,job finish
3213.855,4,652,job start
3213.855,3,652,job start
3215.295,0,657,job finish
3215.295,0,658,job start
3216.773,2,655,job finish
3217.182,3,652,job finish
3217.182,3,653,job start
3217.785,4,652,job finish
3217.785,4,653,job start
3217.818,0,658,job finish
3217.818,0,659,job start
3220.158,4,653,job finish
3220.166,1,655,job finish
3220.166,2,656,job start
3220.166,1,656,job start
3220.307,0,659,job finish
3220.307,0,660,job start
3221.495,3,653,job finish
3221.495,4,654,job start
3221.495,3,654,job start
3222.945,0,660,job finish
3222.945,0,661,job start
3223.605,4,654,job finish
3224.261,1,656,job finish
3224.261,1,657,job start
3224.691,3,654,job finish
3224.691,4,655,job start
3224.691,3,655,job start
3225.735,0,661,job finish
3225.735,0,662,job start
3226.386,2,656,job finish
3226.386,2,657,job start
3226.98,1,657,job finish
3226.98,1,658,job start
3229.352,4,655,job finish
3229.989,3,655,job finish
3229.989,4,656,job start
3229.989,3,656,job start
3230.102,1,658,job finish
3230.102,1,659,job start
3232.039,0,662,job finish
3232.039,0,663,job start
3232.46,4,656,job finish
3234.235,1,659,job finish
3234.235,1,660,job start
3235.977,3,656,job finish
3235.977,4,657,job start
3235.977,3,657,job start
3236.536,0,663,job finish
3236.536,0,664,job start
3236.834,2,657,job finish
3236.834,2,658,job start
3238.471,4,657,job finish
3239.161,0,664,job finish
3239.161,0,665,job start
3239.324,2,658,job finish
3239.324,2,659,job start
3240.388,3,657,job finish
3240.388,4,658,job start
3240.388,3,658,job start
3241.738,1,660,job finish
3241.738,1,661,job start
3242.969,4,658,job finish
3244.157,3,658,job finish
3244.157,4,659,job start
3244.157,3,659,job start
3245.034,0,665,job finish
3245.034,0,666,job start
3246.237,2,659,job finish
3246.237,2,660,job start
3247.931,0,666,job finish
3249.422,4,659,job finish
3249.809,3,659,job finish
3249.809,4,660,job start
3249.809,3,660,job start
3250.694,2,660,job finish
3250.694,2,661,job start
3250.793,1,661,job finish
3250.793,1,662,job start
3250.793,0,667,job start
3252.602,3,660,job finish
3252.602,3,661,job start
3252.964,0,667,job finish
3253.147,2,661,job finish
3253.147,2,662,job start
3253.451,1,662,job finish
3253.451,1,663,job start
3253.451,0,668,job start
3253.933,4,660,job finish
3253.933,4,661,job start
3255.252,3,661,job finish
3255.252,3,662,job start
3256.842,2,662,job finish
3256.842,2,663,job start
3257.014,4,661,job finish
3257.014,4,662,job start
3259.127,3,662,job finish
3259.127,3,663,job start
3259.386,0,668,job finish
3259.617,2,663,job finish
3262.738,4,662,job finish
3262.738,4,663,job start
3263.208,3,663,job finish
3263.208,3,664,job start
3264.756,4,663,job finish
3264.756,4,664,job start
3265.95,3,664,job finish
3268.211,4,664,job finish
3268.211,4,665,job start
3270.952,1,663,job finish
3270.952,2,664,job start
3270.952,1,664,job start
3270.952,0,669,job start
3271.369,4,665,job finish
3273.308,1,664,job finish
3273.308,1,665,job start
3274.208,2,664,job finish
3274.208,3,665,job start
3274.208,2,665,job start
3275.801,1,665,job finish
3275.801,1,666,job start
3276.608,3,665,job finish
3276.608,4,666,job start
3277.181,2,665,job finish
3277.181,3,666,job start
3277.181,2,666,job start
3278.897,0,669,job finish
3278.897,0,670,job start
3279.52,2,666,job finish
3281.273,3,666,job finish
3281.273,3,667,job start
3281.339,0,670,job finish
3281.339,0,671,job start
3283.098,1,666,job finish
3283.098,2,667,job start
3283.098,1,667,job start
3283.455,4,666,job finish
3283.455,4,667,job start
3283.853,0,671,job finish
3283.853,0,672,job start
3285.604,2,667,job finish
3286.163,0,672,job finish
3286.301,1,667,job finish
3286.301,2,668,job start
3286.301,1,668,job start
3286.301,0,673,job start
3286.737,3,667,job finish
3286.737,3,668,job start
3289.317,0,673,job finish
3290.427,2,668,job finish
3292.529,4,667,job finish
3292.529,4,668,job start
3296.12,3,668,job finish
3296.12,3,669,job start
3296.233,4,668,job finish
3296.233,4,669,job start
3299.288,1,668,job finish
3299.288,2,669,job start
3299.288,1,669,job start
3299.288,0,674,job start
3299.675,3,669,job finish
3302.01,4,669,job finish
3302.01,4,670,job start
3303.873,2,669,job finish
3303.873,3,670,job start
3304.062,4,670,job finish
3305.065,1,669,job finish
3305.065,2,670,job start
3305.065,1,670,job start
3307.23,3,670,job finish
3307.23,4,671,job start
3307.505,2,670,job finish
3307.505,3,671,job start
3307.576,1,670,job finish
3307.576,2,671,job start
3307.576,1,671,job start
3307.659,0,674,job finish
3307.659,0,675,job start
3309.812,0,675,job finish
3309.812,0,676,job start
3309.873,2,671,job finish
3311.416,4,671,job finish
3312.797,3,671,job finish
3312.797,4,672,job start
3312.797,3,672,job start
3315.643,1,671,job finish
3315.643,2,672,job start
3315.643,1,672,job start
3316.989,0,676,job finish
3316.989,0,677,job start
3317.009,3,672,job finish
3318.029,4,672,job finish
3318.029,4,673,job start
3320.065,4,673,job finish
3320.901,1,672,job finish
3320.901,1,673,job start
3321.293,2,672,job finish
3321.293,3,673,job start
3321.293,2,673,job start
3322.449,0,677,job finish
3322.449,0,678,job start
3324.401,3,673,job finish
3324.401,4,674,job start
3325.846,1,673,job finish
3325.846,1,674,job start
3326.913,2,673,job finish
3326.913,3,674,job start
3326.913,2,674,job start
3326.938,4,674,job finish
3329.344,1,674,job finish
3329.344,1,675,job start
3329.671,0,678,job finish
3329.671,0,679,job start
3329.806,3,674,job finish
3329.806,4,675,job start
3330.781,2,674,job finish
3330.781,3,675,job start
3330.781,2,675,job start
3331.808,1,675,job finish
3331.808,1,676,job start
3333.27,2,675,job finish
3333.27,2,676,job start
3334.25,4,675,job finish
3334.541,0,679,job finish
3334.541,0,680,job start
3335.208,3,675,job finish
3335.208,4,676,job start
3335.208,3,676,job start
3336.035,1,676,job finish
3336.035,1,677,job start
3338.341,4,676,job finish
3338.527,0,680,job finish
3338.527,0,681,job start
3338.742,3,676,job finish
3338.742,4,677,job start
3341.053,2,676,job finish
3341.053,3,677,job start
3341.053,2,677,job start
3342.153,0,681,job finish
3342.153,0,682,job start
3342.484,1,677,job finish
3342.484,1,678,job start
3342.998,4,677,job finish
3346.041,2,677,job finish
3346.041,2,678,job start
3346.116,3,677,job finish
3346.116,4,678,job start
3346.116,3,678,job start
3346.265,0,682,job finish
3346.265,0,683,job start
3348.39,3,678,job finish
3348.684,4,678,job finish
3348.684,4,679,job start
3349.607,0,683,job finish
3350.71,1,678,job finish
3350.71,1,679,job start
3350.71,0,684,job start
3351.088,2,678,job finish
3351.088,3,679,job start
3351.088,2,679,job start
3353.271,2,679,job finish
3353.537,1,679,job finish
3353.537,2,680,job start
3353.537,1,680,job start
3354.233,3,679,job finish
3354.233,3,680,job start
3354.865,0,684,job finish
3354.865,0,685,job start
3355.653,2,680,job finish
3356.805,4,679,job finish
3356.805,4,680,job start
3357.419,3,680,job finish
3357.419,3,681,job start
3359.411,4,680,job finish
3359.411,4,681,job start
3359.619,1,680,job finish
3359.619,2,681,job start
3359.619,1,681,job start
3361.162,3,681,job finish
3361.715,4,681,job finish
3361.715,4,682,job start
3362.307,2,681,job finish
3362.307,3,682,job start
3364.115,4,682,job finish
3364.614,0,685,job finish
3364.614,0,686,job start
3364.64,1,681,job finish
3364.64,2,682,job start
3364.64,1,682,job start
3365.096,3,682,job finish
3365.096,4,683,job start
3366.96,1,682,job finish
3366.96,1,683,job start
3368.425,0,686,job finish
3368.425,0,687,job start
3369.531,4,683,job finish
3370.589,0,687,job finish
3370.589,0,688,job start
3370.772,1,683,job finish
3370.772,1,684,job start
3372.26,2,682,job finish
3372.26,3,683,job start
3372.26,2,683,job start
3374.428,1,684,job finish
3374.428,1,685,job start
3375.536,3,683,job finish
3375.536,4,684,job start
3375.7,2,683,job finish
3375.7,3,684,job start
3375.7,2,684,job start
3377.12,1,685,job finish
3377.12,1,686,job start
3378.542,0,688,job finish
3378.542,0,689,job start
3379.279,4,684,job finish
3379.505,1,686,job finish
3379.505,1,687,job start
3379.775,2,684,job finish
3379.775,2,685,job start
3381.1,3,684,job finish
3381.1,4,685,job start
3381.1,3,685,job start
3381.862,2,685,job finish
3381.862,2,686,job start
3382.109,1,687,job finish
3382.109,1,688,job start
3383.362,0,689,job finish
3383.362,0,690,job start
3384.645,2,686,job finish
3384.645,2,687,job start
3386.899,0,690,job finish
3386.899,0,691,job start
3388.097,1,688,job finish
3388.097,1,689,job start
3388.531,4,685,job finish
3389.378,3,685,job finish
3389.378,4,686,job start
3389.378,3,686,job start
3389.67,2,687,job finish
3389.67,2,688,job start
3390.4,1,689,job finish
3390.4,1,690,job start
3391.376,0,691,job finish
3391.376,0,692,job start
3391.845,2,688,job finish
3391.845,2,689,job start
3392.71,4,686,job finish
3393.664,1,690,job finish
3393.664,1,691,job start
3395.422,2,689,job finish
3395.422,2,690,job start
3396.438,3,686,job finish
3396.438,4,687,job start
3396.438,3,687,job start
3398.003,2,690,job finish
3398.003,2,691,job start
3398.128,0,692,job finish
3398.128,0,693,job start
3398.584,4,687,job finish
3399.131,1,691,job finish
3399.131,1,692,job start
3399.289,3,687,job finish
3399.289,4,688,job start
3399.289,3,688,job start
3401.127,2,691,job finish
3401.127,2,692,job start
3401.201,0,693,job finish
3401.201,0,694,job start
3401.487,1,692,job finish
3401.487,1,693,job start
3401.605,4,688,job finish
3403.179,3,688,job finish
3403.179,4,689,job start
3403.179,3,689,job start
3403.551,2,692,job finish
3403.551,2,693,job start
3406.14,0,694,job finish
3406.14,0,695,job start
3406.335,4,689,job finish
3407.039,3,689,job finish
3407.039,4,690,job start
3407.039,3,690,job start
3407.966,2,693,job finish
3408.475,1,693,job finish
3408.475,2,694,job start
3408.475,1,694,job start
3410.113,4,690,job finish
3410.144,3,690,job finish
3410.144,4,691,job start
3410.144,3,691,job start
3410.181,0,695,job finish
3410.181,0,696,job start
3412.738,1,694,job finish
3412.738,1,695,job start
3412.811,2,694,job finish
3412.811,2,695,job start
3412.955,0,696,job finish
3412.955,0,697,job start
3414.08,3,691,job finish
3414.08,3,692,job start
3415.625,2,695,job finish
3416.469,3,692,job finish
3416.469,3,693,job start
3416.532,1,695,job finish
3416.532,2,696,job start
3416.532,1,696,job start
3418.485,0,697,job finish
3418.485,0,698,job start
3418.712,2,696,job finish
3419.14,4,691,job finish
3419.14,4,692,job start
3421.524,4,692,job finish
3421.524,4,693,job start
3421.606,0,698,job finish
3421.606,0,699,job start
3421.866,1,696,job finish
3421.866,2,697,job start
3421.866,1,697,job start
3423.808,3,693,job finish
3423.808,3,694,job start
3424.546,2,697,job finish
3429.833,0,699,job finish
3429.833,0,700,job start
3431.891,1,697,job finish
3431.891,2,698,job start
3431.891,1,698,job start
3432.088,4,693,job finish
3432.088,4,694,job start
3432.273,0,700,job finish
3432.273,0,701,job start
3434.179,1,698,job finish
3434.179,1,699,job start
3435.478,4,694,job finish
3435.585,3,694,job finish
3435.585,4,695,job start
3435.585,3,695,job start
3436.037,0,701,job finish
3436.037,0,702,job start
3437.04,2,698,job finish
3437.04,2,699,job start
3437.289,1,699,job finish
3437.289,1,700,job start
3438.694,4,695,job finish
3439.728,2,699,job finish
3439.728,2,700,job start
3442.171,2,700,job finish
3442.935,3,695,job finish
3442.935,4,696,job start
3442.935,3,696,job start
3443.613,0,702,job finish
3443.613,0,703,job start
3446.38,0,703,job finish
3446.38,0,704,job start
3447.002,1,700,job finish
3447.002,2,701,job start
3447.002,1,701,job start
3448.844,4,696,job finish
3449.055,2,701,job finish
3449.953,1,701,job finish
3449.953,1,702,job start
3450.869,3,696,job finish
3450.869,4,697,job start
3450.869,3,697,job start
3450.869,2,702,job start
3451.368,0,704,job finish
3451.368,0,705,job start
3453.234,1,702,job finish
3453.234,1,703,job start
3453.325,3,697,job finish
3453.325,3,698,job start
3453.505,0,705,job finish
3453.505,0,706,job start
3455.204,2,702,job finish
3455.204,2,703,job start
3457.659,0,706,job finish
3457.659,0,707,job start
3458.026,1,703,job finish
3458.026,1,704,job start
3458.414,3,698,job finish
3458.414,3,699,job start
3459.392,2,703,job finish
3459.392,2,704,job start
3460.103,4,697,job finish
3460.103,4,698,job start
3461.004,3,699,job finish
3461.004,3,700,job start
3461.906,0,707,job finish
3461.906,0,708,job start
3462.096,2,704,job finish
3463.039,1,704,job finish
3463.039,2,705,job start
3463.039,1,705,job start
3463.634,4,698,job finish
3463.634,4,699,job start
3465.363,2,705,job finish
3465.802,0,708,job finish
3465.802,0,709,job start
3466.736,4,699,job finish
3466.736,4,700,job start
3466.898,1,705,job finish
3466.898,1,706,job start
3468.665,0,709,job finish
3468.665,0,710,job start
3469.423,3,700,job finish
3469.423,3,701,job start
3469.423,2,706,job start
3470.641,1,706,job finish
3470.641,1,707,job start
3472.426,4,700,job finish
3472.426,4,701,job start
3472.898,2,706,job finish
3473.968,1,707,job finish
3473.968,1,708,job start
3474.257,0,710,job finish
3474.257,0,711,job start
3475.524,4,701,job finish
3475.862,3,701,job finish
3475.862,4,702,job start
3475.862,3,702,job start
3475.862,2,707,job start
3476.358,1,708,job finish
3476.358,1,709,job start
3477.873,0,711,job finish
3477.873,0,712,job start
3478.509,3,702,job finish
3478.509,3,703,job start
3478.851,1,709,job finish
3478.851,1,710,job start
3480.486,4,702,job finish
3480.486,4,703,job start
3481.084,2,707,job finish
3481.084,2,708,job start
3481.467,1,710,job finish
3481.467,1,711,job start
3482.887,4,703,job finish
3484.543,2,708,job finish
3484.938,0,712,job finish
3484.938,0,713,job start
3486.238,3,703,job finish
3486.238,4,704,job start
3486.238,3,704,job start
3486.238,2,709,job start
3488.513,3,704,job finish
3488.513,3,705,job start
3488.583,1,711,job finish
3488.583,1,712,job start
3489.502,0,713,job finish
3489.502,0,714,job start
3490.637,4,704,job finish
3490.637,4,705,job start
3492.404,3,705,job finish
3492.404,3,706,job start
3492.952,1,712,job finish
3492.952,1,713,job start
3494.54,2,709,job finish
3494.54,2,710,job start
3494.545,0,714,job finish
3494.545,0,715,job start
3496.015,3,706,job finish
3496.015,3,707,job start
3498.652,3,707,job finish
3498.652,3,708,job start
3499.193,4,705,job finish
3499.193,4,706,job start
3499.924,1,713,job finish
3499.924,1,714,job start
3501.431,4,706,job finish
3501.431,4,707,job start
3501.719,2,710,job finish
3501.719,2,711,job start
3503.493,0,715,job finish
3503.493,0,716,job start
3504.996,2,711,job finish
3504.996,2,712,job start
3505.473,1,714,job finish
3505.473,1,715,job start
3505.741,0,716,job finish
3505.741,0,717,job start
3507.17,3,708,job finish
3507.17,3,709,job start
3507.648,4,707,job finish
3507.648,4,708,job start
3508.165,1,715,job finish
3508.165,1,716,job start
3508.48,2,712,job finish
3508.48,2,713,job start
3509.653,3,709,job finish
3509.653,3,710,job start
3509.683,0,717,job finish
3509.683,0,718,job start
3510.491,2,713,job finish
3510.491,2,714,job start
3511.328,1,716,job finish
3511.328,1,717,job start
3511.814,4,708,job finish
3511.814,4,709,job start
3512.245,0,718,job finish
3512.245,0,719,job start
3512.365,3,710,job finish
3512.365,3,711,job start
3513.996,2,714,job finish
3513.996,2,715,job start
3514.372,0,719,job finish
3514.372,0,720,job start
3516.019,1,717,job finish
3516.019,1,718,job start
3516.205,3,711,job finish
3516.205,3,712,job start
3516.483,4,709,job finish
3516.483,4,710,job start
3516.824,0,720,job finish
3516.824,0,721,job start
3518.327,2,715,job finish
3518.327,2,716,job start
3518.503,4,710,job finish
3518.503,4,711,job start
3518.775,1,718,job finish
3518.775,1,719,job start
3519.197,0,721,job finish
3519.197,0,722,job start
3521.331,2,716,job finish
3521.331,2,717,job start
3521.48,1,719,job finish
3521.48,1,720,job start
3521.662,0,722,job finish
3521.662,0,723,job start
3522.475,3,712,job finish
3522.475,3,713,job start
3523.686,4,711,job finish
3523.686,4,712,job start
3525.203,2,717,job finish
3525.203,2,718,job start
3526.227,0,723,job finish
3526.227,0,724,job start
3528.014,2,718,job finish
3529.466,1,720,job finish
3529.466,1,721,job start
3530.787,4,712,job finish
3530.787,4,713,job start
3530.903,3,713,job finish
3530.903,3,714,job start
3530.903,2,719,job start
3533.111,2,719,job finish
3533.161,0,724,job finish
3533.161,0,725,job start
3533.587,3,714,job finish
3533.587,3,715,job start
3533.587,2,720,job start
3534.857,4,713,job finish
3534.857,4,714,job start
3536.583,3,715,job finish
3536.583,3,716,job start
3537.796,1,721,job finish
3537.796,1,722,job start
3538.142,2,720,job finish
3538.142,2,721,job start
3538.388,4,714,job finish
3538.388,4,715,job start
3538.658,0,725,job finish
3538.658,0,726,job start
3540.422,4,715,job finish
3540.422,4,716,job start
3542.019,3,716,job finish
3542.019,3,717,job start
3542.463,1,722,job finish
3542.463,1,723,job start
3542.693,2,721,job finish
3542.693,2,722,job start
3544.04,4,716,job finish
3544.04,4,717,job start
3544.979,0,726,job finish
3544.979,0,727,job start
3545.28,1,723,job finish
3545.28,1,724,job start
3545.407,2,722,job finish
3547.223,0,727,job finish
3547.223,0,728,job start
3547.911,3,717,job finish
3547.911,3,718,job start
3547.911,2,723,job start
3548.21,1,724,job finish
3548.21,1,725,job start
3548.847,4,717,job finish
3548.847,4,718,job start
3550.024,2,723,job finish
3550.202,0,728,job finish
3550.202,0,729,job start
3550.584,1,725,job finish
3550.584,1,726,job start
3550.797,3,718,job finish
3550.797,3,719,job start
3550.797,2,724,job start
3552.285,4,718,job finish
3552.285,4,719,job start
3553.463,2,724,job finish
3554.544,3,719,job finish
3554.544,3,720,job start
3554.544,2,725,job start
3555.763,1,726,job finish
3555.763,1,727,job start
3556.833,0,729,job finish
3556.833,0,730,job start
3556.869,4,719,job finish
3556.869,4,720,job start
3558.483,1,727,job finish
3558.483,1,728,job start
3558.747,2,725,job finish
3558.917,3,720,job finish
3558.917,3,721,job start
3558.917,2,726,job start
3561.201,3,721,job finish
3561.201,3,722,job start
3561.487,2,726,job finish
3561.487,2,727,job start
3561.895,4,720,job finish
3561.895,4,721,job start
3562.482,0,730,job finish
3562.482,0,731,job start
3563.659,1,728,job finish
3563.659,1,729,job start
3564.409,3,722,job finish
3564.409,3,723,job start
3564.603,4,721,job finish
3564.603,4,722,job start
3567.455,3,723,job finish
3567.455,3,724,job start
3568.147,2,727,job finish
3568.147,2,728,job start
3568.952,1,729,job finish
3568.952,1,730,job start
3569.159,0,731,job finish
3569.159,0,732,job start
3569.378,4,722,job finish
3569.378,4,723,job start
3570.258,2,728,job finish
3570.258,2,729,job start
3571.825,0,732,job finish
3571.825,0,733,job start
3572.309,4,723,job finish
3572.309,4,724,job start
3572.553,3,724,job finish
3572.553,3,725,job start
3572.626,1,730,job finish
3572.626,1,731,job start
3573.792,2,729,job finish
3573.792,2,730,job start
3574.014,0,733,job finish
3574.014,0,734,job start
3574.332,4,724,job finish
3574.332,4,725,job start
3574.893,1,731,job finish
3574.893,1,732,job start
3575.044,3,725,job finish
3575.044,3,726,job start
3575.928,2,730,job finish
3575.928,2,731,job start
3576.539,0,734,job finish
3576.539,0,735,job start
3577.499,3,726,job finish
3577.499,3,727,job start
3577.603,1,732,job finish
3577.603,1,733,job start
3578.789,0,735,job finish
3578.789,0,736,job start
3578.957,4,725,job finish
3578.957,4,726,job start
3581.633,2,731,job finish
3581.633,2,732,job start
3582.422,0,736,job finish
3582.422,0,737,job start
3585.028,2,732,job finish
3585.23,1,733,job finish
3585.23,1,734,job start
3586.393,3,727,job finish
3586.393,3,728,job start
3586.393,2,733,job start
3586.424,4,726,job finish
3586.424,4,727,job start
3586.476,0,737,job finish
3586.476,0,738,job start
3588.444,1,734,job finish
3588.444,1,735,job start
3590.837,4,727,job finish
3590.837,4,728,job start
3591.219,0,738,job finish
3591.219,0,739,job start
3591.611,1,735,job finish
3591.611,1,736,job start
3591.639,3,728,job finish
3591.639,3,729,job start
3592.802,2,733,job finish
3592.802,2,734,job start
3593.408,0,739,job finish
3593.408,0,740,job start
3595.271,4,728,job finish
3595.271,4,729,job start
3596.193,3,729,job finish
3596.193,3,730,job start
3596.199,0,740,job finish
3596.199,0,741,job start
3596.404,1,736,job finish
3596.404,1,737,job start
3598.669,4,729,job finish
3598.669,4,730,job start
3598.708,3,730,job finish
3598.708,3,731,job start
3600.029,2,734,job finish
3600.029,2,735,job start
3600.891,0,741,job finish
3600.891,0,742,job start
3601.237,1,737,job finish
3601.237,1,738,job start
3602.716,2,735,job finish
3602.716,2,736,job start
3602.816,3,731,job finish
3602.816,3,732,job start
3603.816,0,742,job finish
3603.816,0,743,job start
3605.37,3,732,job finish
3605.37,3,733,job start
3606.328,1,738,job finish
3606.328,1,739,job start
3606.339,2,736,job finish
3606.339,2,737,job start
3607.346,4,730,job finish
3607.346,4,731,job start
3608.005,3,733,job finish
3608.005,3,734,job start
3608.812,2,737,job finish
3608.812,2,738,job start
3609.251,0,743,job finish
3609.251,0,744,job start
3611.632,2,738,job finish
3611.632,2,739,job start
3612.002,4,731,job finish
3612.002,4,732,job start
3612.075,0,744,job finish
3613.717,2,739,job finish
3614.777,4,732,job finish
3614.777,4,733,job start
3614.805,1,739,job finish
3614.805,1,740,job start
3614.805,0,745,job start
3615.441,3,734,job finish
3615.441,3,735,job start
3615.441,2,740,job start
3616.844,0,745,job finish
3618.153,1,740,job finish
3618.153,1,741,job start
3618.153,0,746,job start
3618.168,3,735,job finish
3618.168,3,736,job start
3618.961,4,733,job finish
3618.961,4,734,job start
3620.842,3,736,job finish
3620.842,3,737,job start
3621.406,0,746,job finish
3621.488,2,740,job finish
3621.488,2,741,job start
3622.472,4,734,job finish
3622.472,4,735,job start
3623.894,3,737,job finish
3623.894,3,738,job start
3623.94,1,741,job finish
3623.94,1,742,job start
3623.94,0,747,job start
3624.616,4,735,job finish
3624.616,4,736,job start
3624.634,2,741,job finish
3624.634,2,742,job start
3626.073,0,747,job finish
3626.663,3,738,job finish
3626.663,3,739,job start
3629.57,3,739,job finish
3629.57,3,740,job start
3630.387,4,736,job finish
3630.387,4,737,job start
3632.454,3,740,job finish
3632.454,3,741,job start
3632.806,1,742,job finish
3632.806,1,743,job start
3632.806,0,748,job start
3632.878,2,742,job finish
3632.878,2,743,job start
3633.382,4,737,job finish
3633.382,4,738,job start
3635.704,1,743,job finish
3635.704,1,744,job start
3636.045,0,748,job finish
3636.045,0,749,job start
3636.585,2,743,job finish
3636.585,2,744,job start
3639.05,2,744,job finish
3639.527,4,738,job finish
3639.527,4,739,job start
3639.777,3,741,job finish
3639.777,3,742,job start
3641.425,1,744,job finish
3641.425,2,745,job start
3641.425,1,745,job start
3642.146,3,742,job finish
3642.146,3,743,job start
3643.192,4,739,job finish
3643.192,4,740,job start
3644.271,2,745,job finish
3644.478,0,749,job finish
3644.478,0,750,job start
3645.51,3,743,job finish
3645.51,3,744,job start
3646.604,0,750,job finish
3647.202,1,745,job finish
3647.202,2,746,job start
3647.202,1,746,job start
3647.202,0,751,job start
3648.522,4,740,job finish
3648.522,4,741,job start
3649.708,1,746,job finish
3649.708,1,747,job start
3649.753,0,751,job finish
3649.753,0,752,job start
3649.776,2,746,job finish
3649.776,2,747,job start
3650.791,4,741,job finish
3650.791,4,742,job start
3652.04,0,752,job finish
3653.045,2,747,job finish
3653.078,4,742,job finish
3653.078,4,743,job start
3655.356,4,743,job finish
3655.356,4,744,job start
3660.006,3,744,job finish
3660.006,3,745,job start
3661.176,4,744,job finish
3661.176,4,745,job start
3661.46,1,747,job finish
3661.46,2,748,job start
3661.46,1,748,job start
3661.46,0,753,job start
3662.522,3,745,job finish
3662.522,3,746,job start
3663.209,4,745,job finish
3663.209,4,746,job start
3665.522,3,746,job finish
3665.522,3,747,job start
3667.781,3,747,job finish
3667.781,3,748,job start
3668.1,2,748,job finish
3668.425,4,746,job finish
3668.425,4,747,job start
3669.663,0,753,job finish
3670.57,1,748,job finish
3670.57,2,749,job start
3670.57,1,749,job start
3670.57,0,754,job start
3671.413,4,747,job finish
3671.413,4,748,job start
3672.49,3,748,job finish
3672.49,3,749,job start
3673.148,1,749,job finish
3673.148,1,750,job start
3674.334,4,748,job finish
3674.334,4,749,job start
3675.671,1,750,job finish
3675.671,1,751,job start
3676.434,3,749,job finish
3677.002,0,754,job finish
3677.002,0,755,job start
3677.139,2,749,job finish
3677.139,3,750,job start
3677.139,2,750,job start
3677.985,4,749,job finish
3677.985,4,750,job start
3679.053,1,751,job finish
3679.053,1,752,job start
3679.198,0,755,job finish
3679.198,0,756,job start
3680.43,4,750,job finish
3680.885,3,750,job finish
3680.885,4,751,job start
3681.444,2,750,job finish
3681.444,3,751,job start
3681.444,2,751,job start
3681.965,1,752,job finish
3681.965,1,753,job start
3682.535,0,756,job finish
3682.535,0,757,job start
3684.164,2,751,job finish
3684.164,2,752,job start
3684.492,4,751,job finish
3684.505,1,753,job finish
3684.505,1,754,job start
3685.303,3,751,job finish
3685.303,4,752,job start
3685.303,3,752,job start
3685.56,0,757,job finish
3685.56,0,758,job start
3687.703,0,758,job finish
3687.703,0,759,job start
3688.579,3,752,job finish
3688.748,1,754,job finish
3688.748,1,755,job start
3688.95,2,752,job finish
3688.95,3,753,job start
3688.95,2,753,job start
3689.731,0,759,job finish
3689.731,0,760,job start
3691.168,4,752,job finish
3691.168,4,753,job start
3692.179,1,755,job finish
3692.179,1,756,job start
3693.971,2,753,job finish
3693.971,2,754,job start
3694.067,3,753,job finish
3694.067,3,754,job start
3694.148,0,760,job finish
3694.148,0,761,job start
3694.505,1,756,job finish
3694.505,1,757,job start
3694.768,4,753,job finish
3694.768,4,754,job start
3696.883,3,754,job finish
3697.177,1,757,job finish
3697.177,1,758,job start
3697.428,2,754,job finish
3697.428,3,755,job start
3697.428,2,755,job start
3697.874,4,754,job finish
3697.874,4,755,job start
3698.553,0,761,job finish
3698.553,0,762,job start
3699.595,2,755,job finish
3699.595,2,756,job start
3700.565,1,758,job finish
3700.565,1,759,job start
3701.682,0,762,job finish
3701.682,0,763,job start
3702.442,4,755,job finish
3702.927,1,759,job finish
3702.927,1,760,job start
3703.173,3,755,job finish
3703.173,4,756,job start
3703.173,3,756,job start
3703.74,2,756,job finish
3703.74,2,757,job start
3703.986,0,763,job finish
3703.986,0,764,job start
3706.223,4,756,job finish
3708.025,0,764,job finish
3708.025,0,765,job start
3708.187,3,756,job finish
3708.187,4,757,job start
3708.187,3,757,job start
3708.655,2,757,job finish
3708.655,2,758,job start
3710.011,1,760,job finish
3710.011,1,761,job start
3710.294,0,765,job finish
3710.294,0,766,job start
3711.96,4,757,job finish
3712.048,3,757,job finish
3712.048,4,758,job start
3712.048,3,758,job start
3713.336,2,758,job finish
3713.336,2,759,job start
3714.649,3,758,job finish
3714.649,3,759,job start
3716.069,2,759,job finish
3716.069,2,760,job start
3716.175,0,766,job finish
3716.876,4,758,job finish
3716.876,4,759,job start
3716.948,1,761,job finish
3716.948,1,762,job start
3716.948,0,767,job start
3719.778,2,760,job finish
3719.778,2,761,job start
3720.589,1,762,job finish
3720.589,1,763,job start
3721.023,0,767,job finish
3721.023,0,768,job start
3721.937,2,761,job finish
3721.937,2,762,job start
3723.275,4,759,job finish
3723.279,3,759,job finish
3723.279,4,760,job start
3723.279,3,760,job start
3724.313,1,763,job finish
3724.313,1,764,job start
3724.327,2,762,job finish
3724.327,2,763,job start
3726.378,0,768,job finish
3726.378,0,769,job start
3727.352,3,760,job finish
3727.352,3,761,job start
3727.424,2,763,job finish
3727.424,2,764,job start
3728.267,1,764,job finish
3728.267,1,765,job start
3731.861,3,761,job finish
3731.861,3,762,job start
3732.693,2,764,job finish
3732.693,2,765,job start
3732.745,1,765,job finish
3732.745,1,766,job start
3733.167,0,769,job finish
3733.167,0,770,job start
3733.406,4,760,job finish
3733.406,4,761,job start
3734.87,2,765,job finish
3734.87,2,766,job start
3736.004,4,761,job finish
3736.004,4,762,job start
3736.366,3,762,job finish
3736.366,3,763,job start
3738.134,4,762,job finish
3738.134,4,763,job start
3738.796,0,770,job finish
3738.796,0,771,job start
3739.075,2,766,job finish
3739.098,3,763,job finish
3739.098,3,764,job start
3741.796,1,766,job finish
3741.796,2,767,job start
3741.796,1,767,job start
3742.401,4,763,job finish
3742.401,4,764,job start
3742.943,3,764,job finish
3742.943,3,765,job start
3743.081,0,771,job finish
3743.081,0,772,job start
3744.801,2,767,job finish
3745.861,4,764,job finish
3745.861,4,765,job start
3746.074,1,767,job finish
3746.074,2,768,job start
3746.074,1,768,job start
3748.558,1,768,job finish
3748.558,1,769,job start
3749.715,0,772,job finish
3749.715,0,773,job start
3749.769,4,765,job finish
3750.008,3,765,job finish
3750.008,4,766,job start
3750.008,3,766,job start
3750.334,2,768,job finish
3750.334,2,769,job start
3751.578,1,769,job finish
3751.578,1,770,job start
3752.191,0,773,job finish
3752.191,0,774,job start
3752.274,4,766,job finish
3752.999,2,769,job finish
3752.999,2,770,job start
3754.336,3,766,job finish
3754.336,4,767,job start
3754.336,3,767,job start
3756.373,0,774,job finish
3756.373,0,775,job start
3756.695,3,767,job finish
3756.695,3,768,job start
3756.768,1,770,job finish
3756.768,1,771,job start
3757.438,2,770,job finish
3757.438,2,771,job start
3758.818,4,767,job finish
3758.818,4,768,job start
3759.341,1,771,job finish
3759.341,1,772,job start
3759.936,3,768,job finish
3759.936,3,769,job start
3760.586,2,771,job finish
3760.586,2,772,job start
3761.752,4,768,job finish
3761.752,4,769,job start
3762.683,0,775,job finish
3762.683,0,776,job start
3764.645,3,769,job finish
3764.645,3,770,job start
3764.81,1,772,job finish
3764.81,1,773,job start
3764.945,4,769,job finish
3764.945,4,770,job start
3766.038,0,776,job finish
3766.038,0,777,job start
3766.216,2,772,job finish
3766.216,2,773,job start
3768.099,1,773,job finish
3768.099,1,774,job start
3768.659,3,770,job finish
3768.659,3,771,job start
3769.324,0,777,job finish
3769.324,0,778,job start
3770.605,4,770,job finish
3770.605,4,771,job start
3770.888,2,773,job finish
3770.888,2,774,job start
3771.602,1,774,job finish
3771.602,1,775,job start
3772.32,0,778,job finish
3772.32,0,779,job start
3773.214,4,771,job finish
3774.328,3,771,job finish
3774.328,4,772,job start
3774.328,3,772,job start
3774.548,0,779,job finish
3774.548,0,780,job start
3777.348,4,772,job finish
3777.704,1,775,job finish
3777.704,1,776,job start
3778.589,3,772,job finish
3778.589,4,773,job start
3778.589,3,773,job start
3778.709,0,780,job finish
3778.709,0,781,job start
3780.403,2,774,job finish
3780.403,2,775,job start
3780.635,1,776,job finish
3780.635,1,777,job start
3781.745,4,773,job finish
3783.597,3,773,job finish
3783.597,4,774,job start
3783.597,3,774,job start
3784.539,0,781,job finish
3784.539,0,782,job start
3785.767,4,774,job finish
3787.296,1,777,job finish
3787.296,1,778,job start
3787.466,3,774,job finish
3787.466,4,775,job start
3787.466,3,775,job start
3787.928,0,782,job finish
3787.928,0,783,job start
3788.297,2,775,job finish
3788.297,2,776,job start
3790.027,4,775,job finish
3790.209,0,783,job finish
3792.287,1,778,job finish
3792.287,1,779,job start
3792.287,0,784,job start
3792.767,2,776,job finish
3792.767,2,777,job start
3795.633,0,784,job finish
3795.672,1,779,job finish
3795.672,1,780,job start
3795.672,0,785,job start
3796.591,2,777,job finish
3796.591,2,778,job start
3798.331,3,775,job finish
3798.331,4,776,job start
3798.331,3,776,job start
3798.584,1,780,job finish
3798.584,1,781,job start
3799.119,0,785,job finish
3799.119,0,786,job start
3799.249,2,778,job finish
3799.249,2,779,job start
3800.966,3,776,job finish
3800.966,3,777,job start
3801.178,4,776,job finish
3801.178,4,777,job start
3801.291,0,786,job finish
3801.765,1,781,job finish
3801.765,1,782,job start
3801.765,0,787,job start
3802.606,2,779,job finish
3802.606,2,780,job start
3803.317,3,777,job finish
3803.317,3,778,job start
3804.935,1,782,job finish
3804.935,1,783,job start
3805.68,3,778,job finish
3805.68,3,779,job start
3807.18,4,777,job finish
3807.18,4,778,job start
3807.937,2,780,job finish
3807.937,2,781,job start
3808.748,3,779,job finish
3808.748,3,780,job start
3810.219,4,778,job finish
3810.219,4,779,job start
3811.172,1,783,job finish
3811.172,1,784,job start
3811.933,0,787,job finish
3811.933,0,788,job start
3812.363,2,781,job finish
3812.363,2,782,job start
3813.481,4,779,job finish
3813.481,4,780,job start
3814.281,3,780,job finish
3814.281,3,781,job start
3814.353,0,788,job finish
3814.353,0,789,job start
3814.901,2,782,job finish
3814.901,2,783,job start
3815.619,1,784,job finish
3815.619,1,785,job start
3817.234,4,780,job finish
3817.234,4,781,job start
3818.88,2,783,job finish
3818.88,2,784,job start
3820.191,0,789,job finish
3820.191,0,790,job start
3820.921,3,781,job finish
3820.921,3,782,job start
3821.1,4,781,job finish
3821.1,4,782,job start
3821.352,2,784,job finish
3821.352,2,785,job start
3823.364,1,785,job finish
3823.364,1,786,job start
3823.568,3,782,job finish
3823.568,3,783,job start
3824.921,2,785,job finish
3824.921,2,786,job start
3825.104,4,782,job finish
3825.104,4,783,job start
3826.173,0,790,job finish
3826.173,0,791,job start
3826.989,1,786,job finish
3826.989,1,787,job start
3827.229,3,783,job finish
3827.229,3,784,job start
3827.89,4,783,job finish
3827.89,4,784,job start
3829.473,2,786,job finish
3829.473,2,787,job start
3829.764,3,784,job finish
3829.764,3,785,job start
3830.293,0,791,job finish
3830.293,0,792,job start
3831.946,2,787,job finish
3832.76,1,787,job finish
3832.76,2,788,job start
3832.76,1,788,job start
3832.779,3,785,job finish
3832.779,3,786,job start
3832.899,0,792,job finish
3832.899,0,793,job start
3833.341,4,784,job finish
3833.341,4,785,job start
3835.992,2,788,job finish
3836.0,3,786,job finish
3836.0,3,787,job start
3836.107,1,788,job finish
3836.107,2,789,job start
3836.107,1,789,job start
3838.355,2,789,job finish
3838.392,4,785,job finish
3838.392,4,786,job start
3838.65,0,793,job finish
3838.65,0,794,job start
3839.73,3,787,job finish
3839.73,3,788,job start
3842.095,4,786,job finish
3842.095,4,787,job start
3843.045,1,789,job finish
3843.045,2,790,job start
3843.045,1,790,job start
3845.592,2,790,job finish
3846.346,3,788,job finish
3846.346,3,789,job start
3846.385,0,794,job finish
3846.385,0,795,job start
3846.792,4,787,job finish
3846.792,4,788,job start
3850.661,3,789,job finish
3850.661,3,790,job start
3851.706,4,788,job finish
3851.706,4,789,job start
3852.084,0,795,job finish
3852.695,1,790,job finish
3852.695,2,791,job start
3852.695,1,791,job start
3852.695,0,796,job start
3854.22,3,790,job finish
3854.22,3,791,job start
3855.103,1,791,job finish
3855.103,1,792,job start
3855.671,2,791,job finish
3855.671,2,792,job start
3855.716,0,796,job finish
3855.716,0,797,job start
3857.859,0,797,job finish
3858.823,1,792,job finish
3858.823,1,793,job start
3858.823,0,798,job start
3858.908,2,792,job finish
3858.908,2,793,job start
3859.752,4,789,job finish
3859.752,4,790,job start
3861.442,0,798,job finish
3861.921,1,793,job finish
3861.921,1,794,job start
3861.921,0,799,job start
3862.26,3,791,job finish
3862.26,3,792,job start
3864.192,0,799,job finish
3864.283,1,794,job finish
3864.283,1,795,job start
3864.283,0,800,job start
3864.933,4,790,job finish
3864.933,4,791,job start
3865.309,2,793,job finish
3865.309,2,794,job start
3866.811,1,795,job finish
3866.811,1,796,job start
3866.935,0,800,job finish
3866.935,0,801,job start
3868.551,4,791,job finish
3868.551,4,792,job start
3869.443,3,792,job finish
3869.443,3,793,job start
3869.665,0,801,job finish
3870.364,1,796,job finish
3870.364,1,797,job start
3870.364,0,802,job start
3870.753,4,792,job finish
3870.753,4,793,job start
3872.444,2,794,job finish
3872.444,2,795,job start
3872.649,3,793,job finish
3872.649,3,794,job start
3873.332,0,802,job finish
3876.111,1,797,job finish
3876.111,1,798,job start
3876.111,0,803,job start
3876.28,4,793,job finish
3876.28,4,794,job start
3876.673,3,794,job finish
3876.673,3,795,job start
3879.894,0,803,job finish
3880.217,4,794,job finish
3880.217,4,795,job start
3882.678,1,798,job finish
3882.678,1,799,job start
3882.678,0,804,job start
3883.923,4,795,job finish
3884.956,1,799,job finish
3884.956,1,800,job start
3885.305,3,795,job finish
3885.305,4,796,job start
3886.604,0,804,job finish
3886.604,0,805,job start
3886.837,2,795,job finish
3886.837,3,796,job start
3886.837,2,796,job start
3887.729,4,796,job finish
3888.668,0,805,job finish
3889.736,2,796,job finish
3889.736,2,797,job start
3890.075,1,800,job finish
3890.075,1,801,job start
3890.075,0,806,job start
3891.081,3,796,job finish
3891.081,4,797,job start
3891.081,3,797,job start
3892.038,2,797,job finish
3892.038,2,798,job start
3893.253,4,797,job finish
3893.788,1,801,job finish
3893.788,1,802,job start
3894.365,2,798,job finish
3894.365,2,799,job start
3894.876,0,806,job finish
3894.876,0,807,job start
3896.233,3,797,job finish
3896.233,4,798,job start
3896.233,3,798,job start
3896.503,2,799,job finish
3896.503,2,800,job start
3898.046,0,807,job finish
3898.548,2,800,job finish
3898.548,2,801,job start
3898.792,1,802,job finish
3898.792,1,803,job start
3898.792,0,808,job start
3898.991,4,798,job finish
3901.149,3,798,job finish
3901.149,4,799,job start
3901.149,3,799,job start
3901.263,0,808,job finish
3901.368,1,803,job finish
3901.368,1,804,job start
3901.368,0,809,job start
3903.685,4,799,job finish
3904.472,3,799,job finish
3904.472,4,800,job start
3904.472,3,800,job start
3906.197,1,804,job finish
3906.197,1,805,job start
3906.594,0,809,job finish
3906.594,0,810,job start
3909.466,2,801,job finish
3909.466,2,802,job start
3910.758,1,805,job finish
3910.758,1,806,job start
3911.64,2,802,job finish
3911.64,2,803,job start
3911.966,4,800,job finish
3911.967,3,800,job finish
3911.967,4,801,job start
3911.967,3,801,job start
3912.205,0,810,job finish
3912.205,0,811,job start
3914.335,1,806,job finish
3914.335,1,807,job start
3914.579,2,803,job finish
3914.579,2,804,job start
3914.894,0,811,job finish
3914.894,0,812,job start
3916.543,4,801,job finish
3916.827,2,804,job finish
3916.827,2,805,job start
3917.722,1,807,job finish
3917.722,1,808,job start
3917.757,3,801,job finish
3917.757,4,802,job start
3917.757,3,802,job start
3919.277,0,812,job finish
3919.277,0,813,job start
3919.964,4,802,job finish
3920.688,2,805,job finish
3920.688,2,806,job start
3921.74,0,813,job finish
3921.824,1,808,job finish
3921.824,1,809,job start
3921.824,0,814,job start
3923.114,2,806,job finish
3923.114,2,807,job start
3924.875,1,809,job finish
3924.875,1,810,job start
3927.045,3,802,job finish
3927.045,4,803,job start
3927.045,3,803,job start
3927.221,2,807,job finish
3927.221,2,808,job start
3929.034,1,810,job finish
3929.034,1,811,job start
3929.547,2,808,job finish
3930.449,3,803,job finish
3930.449,3,804,job start
3930.449,2,809,job start
3932.855,2,809,job finish
3933.237,0,814,job finish
3933.237,0,815,job start
3934.055,1,811,job finish
3934.055,1,812,job start
3934.434,4,803,job finish
3934.434,4,804,job start
3935.481,0,815,job finish
3935.481,0,816,job start
3936.821,1,812,job finish
3936.821,1,813,job start
3938.337,0,816,job finish
3938.337,0,817,job start
3939.373,3,804,job finish
3939.373,3,805,job start
3939.373,2,810,job start
3939.954,4,804,job finish
3939.954,4,805,job start
3941.612,2,810,job finish
3942.771,1,813,job finish
3942.771,1,814,job start
3943.397,0,817,job finish
3943.397,0,818,job start
3944.123,3,805,job finish
3944.123,3,806,job start
3944.123,2,811,job start
3946.753,0,818,job finish
3946.753,0,819,job start
3947.776,3,806,job finish
3947.776,3,807,job start
3948.029,1,814,job finish
3948.029,1,815,job start
3948.131,2,811,job finish
3948.131,2,812,job start
3950.477,2,812,job finish
3951.714,1,815,job finish
3951.714,1,816,job start
3952.187,0,819,job finish
3952.187,0,820,job start
3952.691,3,807,job finish
3952.691,3,808,job start
3952.691,2,813,job start
3953.257,4,805,job finish
3953.257,4,806,job start
3954.927,1,816,job finish
3954.927,1,817,job start
3955.001,2,813,job finish
3955.677,0,820,job finish
3955.677,0,821,job start
3957.802,1,817,job finish
3957.802,1,818,job start
3957.946,3,808,job finish
3957.946,3,809,job start
3957.946,2,814,job start
3958.924,4,806,job finish
3958.924,4,807,job start
3960.208,3,809,job finish
3960.208,3,810,job start
3960.213,1,818,job finish
3960.213,1,819,job start
3960.373,0,821,job finish
3960.373,0,822,job start
3963.049,3,810,job finish
3963.049,3,811,job start
3963.468,4,807,job finish
3963.468,4,808,job start
3963.537,2,814,job finish
3963.537,2,815,job start
3966.874,0,822,job finish
3966.874,0,823,job start
3968.472,3,811,job finish
3968.472,3,812,job start
3968.752,1,819,job finish
3968.752,1,820,job start
3968.945,4,808,job finish
3968.945,4,809,job start
3970.423,2,815,job finish
3970.423,2,816,job start
3970.671,0,823,job finish
3970.671,0,824,job start
3972.292,3,812,job finish
3972.292,3,813,job start
3972.372,4,809,job finish
3972.372,4,810,job start
3974.526,1,820,job finish
3974.526,1,821,job start
3974.661,4,810,job finish
3974.661,4,811,job start
3975.568,3,813,job finish
3975.568,3,814,job start
3976.986,4,811,job finish
3976.986,4,812,job start
3977.099,1,821,job finish
3977.883,3,814,job finish
3977.883,3,815,job start
3978.179,2,816,job finish
3978.179,2,817,job start
3978.179,1,822,job start
3979.642,4,812,job finish
3979.642,4,813,job start
3981.012,0,824,job finish
3981.012,0,825,job start
3981.538,1,822,job finish
3981.971,3,815,job finish
3981.971,3,816,job start
3982.407,4,813,job finish
3982.407,4,814,job start
3983.9,2,817,job finish
3983.9,2,818,job start
3983.9,1,823,job start
3985.33,4,814,job finish
3985.33,4,815,job start
3985.588,3,816,job finish
3985.588,3,817,job start
3986.635,1,823,job finish
3987.899,3,817,job finish
3987.899,3,818,job start
3988.177,0,825,job finish
3988.177,0,826,job start
3990.585,0,826,job finish
3990.585,0,827,job start
3990.726,4,815,job finish
3990.726,4,816,job start
3991.621,2,818,job finish
3991.621,2,819,job start
3991.621,1,824,job start
3992.965,0,827,job finish
3992.965,0,828,job start
3993.246,3,818,job finish
3993.246,3,819,job start
3993.638,4,816,job finish
3993.638,4,817,job start
3993.974,1,824,job finish
3994.237,2,819,job finish
3994.237,2,820,job start
3994.237,1,825,job start
3996.089,0,828,job finish
3996.089,0,829,job start
3996.429,3,819,job finish
3996.429,3,820,job start
3997.527,1,825,job finish
3997.566,4,817,job finish
3997.566,4,818,job start
3998.24,2,820,job finish
3998.24,2,821,job start
3998.24,1,826,job start
3999.665,3,820,job finish
3999.665,3,821,job start
4000.955,1,826,job finish
4001.003,0,829,job finish
4001.003,0,830,job start
4003.139,0,830,job finish
4003.139,0,831,job start
4003.599,4,818,job finish
4003.599,4,819,job start
4003.976,2,821,job finish
4003.976,2,822,job start
4003.976,1,827,job start
4005.953,4,819,job finish
4005.953,4,820,job start
4006.765,3,821,job finish
4006.765,3,822,job start
4007.636,2,822,job finish
4007.636,2,823,job start
4008.287,1,827,job finish
4008.287,1,828,job start
4008.453,4,820,job finish
4008.453,4,821,job start
4009.33,0,831,job finish
4009.33,0,832,job start
4009.988,3,822,job finish
4009.988,3,823,job start
4010.1,2,823,job finish
4010.1,2,824,job start
4010.756,4,821,job finish
4010.756,4,822,job start
4012.404,3,823,job finish
4012.404,3,824,job start
4012.862,0,832,job finish
4012.862,0,833,job start
4013.853,1,828,job finish
4013.853,1,829,job start
4015.288,4,822,job finish
4015.288,4,823,job start
4015.528,0,833,job finish
4015.528,0,834,job start
4016.465,3,824,job finish
4016.938,2,824,job finish
4016.938,3,825,job start
4016.938,2,825,job start
4019.002,0,834,job finish
4019.032,1,829,job finish
4019.032,1,830,job start
4019.032,0,835,job start
4019.195,4,823,job finish
4019.195,4,824,job start
4020.438,3,825,job finish
4020.556,2,825,job finish
4020.556,3,826,job start
4020.556,2,826,job start
4023.274,2,826,job finish
4023.274,2,827,job start
4025.023,1,830,job finish
4025.023,1,831,job start
4026.051,4,824,job finish
4026.051,4,825,job start
4026.091,3,826,job finish
4026.091,3,827,job start
4026.182,0,835,job finish
4026.182,0,836,job start
4028.875,0,836,job finish
4028.994,3,827,job finish
4029.17,4,825,job finish
4029.17,4,826,job start
4034.526,4,826,job finish
4034.526,4,827,job start
4035.045,2,827,job finish
4035.045,3,828,job start
4035.045,2,828,job start
4035.318,1,831,job finish
4035.318,1,832,job start
4035.318,0,837,job start
4037.714,3,828,job finish
4038.437,1,832,job finish
4038.437,1,833,job start
4039.612,0,837,job finish
4039.612,0,838,job start
4039.717,2,828,job finish
4039.717,3,829,job start
4039.717,2,829,job start
4041.855,2,829,job finish
4041.855,2,830,job start
4042.435,0,838,job finish
4042.553,1,833,job finish
4042.553,1,834,job start
4042.553,0,839,job start
4044.156,4,827,job finish
4044.156,4,828,job start
4044.995,2,830,job finish
4044.995,2,831,job start
4045.947,3,829,job finish
4045.947,3,830,job start
4046.811,0,839,job finish
4049.533,2,831,job finish
4049.533,2,832,job start
4051.09,1,834,job finish
4051.09,1,835,job start
4051.09,0,840,job start
4052.373,4,828,job finish
4052.373,4,829,job start
4052.847,2,832,job finish
4052.847,2,833,job start
4053.156,0,840,job finish
4054.486,1,835,job finish
4054.486,1,836,job start
4054.486,0,841,job start
4055.923,3,830,job finish
4055.923,3,831,job start
4056.014,2,833,job finish
4056.014,2,834,job start
4057.754,1,836,job finish
4057.754,1,837,job start
4058.012,0,841,job finish
4058.012,0,842,job start
4058.603,4,829,job finish
4058.603,4,830,job start
4060.157,2,834,job finish
4060.157,2,835,job start
4060.924,0,842,job finish
4061.826,4,830,job finish
4061.826,4,831,job start
4062.568,1,837,job finish
4062.568,1,838,job start
4062.568,0,843,job start
4063.748,3,831,job finish
4063.748,3,832,job start
4064.435,4,831,job finish
4064.435,4,832,job start
4065.682,2,835,job finish
4065.682,2,836,job start
4065.999,3,832,job finish
4065.999,3,833,job start
4067.827,4,832,job finish
4067.827,4,833,job start
4068.228,2,836,job finish
4068.228,2,837,job start
4069.689,0,843,job finish
4071.082,3,833,job finish
4071.082,3,834,job start
4071.257,4,833,job finish
4071.257,4,834,job start
4071.55,1,838,job finish
4071.55,1,839,job start
4071.55,0,844,job start
4073.64,3,834,job finish
4073.64,3,835,job start
4073.776,2,837,job finish
4073.776,2,838,job start
4074.13,1,839,job finish
4074.13,1,840,job start
4075.183,4,834,job finish
4075.183,4,835,job start
4076.159,3,835,job finish
4076.159,3,836,job start
4076.751,1,840,job finish
4076.751,1,841,job start
4078.145,2,838,job finish
4078.145,2,839,job start
4078.93,0,844,job finish
4078.93,0,845,job start
4079.407,3,836,job finish
4079.407,3,837,job start
4080.364,1,841,job finish
4080.364,1,842,job start
4080.589,2,839,job finish
4080.589,2,840,job start
4081.517,4,835,job finish
4081.517,4,836,job start
4082.123,0,845,job finish
4082.123,0,846,job start
4082.869,2,840,job finish
4082.869,2,841,job start
4083.178,3,837,job finish
4083.178,3,838,job start
4083.744,1,842,job finish
4083.744,1,843,job start
4084.132,4,836,job finish
4084.132,4,837,job start
4084.14,0,846,job finish
4084.14,0,847,job start
4086.355,2,841,job finish
4086.355,2,842,job start
4086.974,1,843,job finish
4086.974,1,844,job start
4087.451,0,847,job finish
4087.451,0,848,job start
4089.495,3,838,job finish
4089.495,3,839,job start
4091.093,4,837,job finish
4091.093,4,838,job start
4091.306,2,842,job finish
4091.306,2,843,job start
4092.538,0,848,job finish
4092.538,0,849,job start
4094.131,3,839,job finish
4094.131,3,840,job start
4094.207,2,843,job finish
4094.207,2,844,job start
4095.807,0,849,job finish
4096.282,2,844,job finish
4096.386,1,844,job finish
4096.386,2,845,job start
4096.386,1,845,job start
4096.386,0,850,job start
4096.754,4,838,job finish
4096.754,4,839,job start
4098.346,3,840,job finish
4098.346,3,841,job start
4099.172,1,845,job finish
4099.172,1,846,job start
4099.517,4,839,job finish
4099.517,4,840,job start
4100.116,2,845,job finish
4100.116,2,846,job start
4100.884,3,841,job finish
4100.884,3,842,job start
4101.548,0,850,job finish
4101.548,0,851,job start
4102.116,4,840,job finish
4102.116,4,841,job start
4102.559,2,846,job finish
4104.3,0,851,job finish
4104.54,4,841,job finish
4104.54,4,842,job start
4105.436,3,842,job finish
4105.436,3,843,job start
4106.876,4,842,job finish
4106.876,4,843,job start
4107.861,3,843,job finish
4107.861,3,844,job start
4111.448,3,844,job finish
4111.448,3,845,job start
4112.242,4,843,job finish
4112.242,4,844,job start
4112.853,1,846,job finish
4112.853,2,847,job start
4112.853,1,847,job start
4112.853,0,852,job start
4114.966,2,847,job finish
4115.342,4,844,job finish
4115.342,4,845,job start
4116.574,1,847,job finish
4116.574,2,848,job start
4116.574,1,848,job start
4116.755,3,845,job finish
4116.755,3,846,job start
4118.09,0,852,job finish
4118.09,0,853,job start
4118.195,4,845,job finish
4118.195,4,846,job start
4119.047,2,848,job finish
4122.495,3,846,job finish
4122.495,3,847,job start
4122.643,4,846,job finish
4122.643,4,847,job start
4122.776,0,853,job finish
4124.304,1,848,job finish
4124.304,2,849,job start
4124.304,1,849,job start
4124.304,0,854,job start
4126.587,4,847,job finish
4127.738,2,849,job finish
4127.857,0,854,job finish
4128.336,1,849,job finish
4128.336,2,850,job start
4128.336,1,850,job start
4128.336,0,855,job start
4129.46,3,847,job finish
4129.46,4,848,job start
4129.46,3,848,job start
4130.391,0,855,job finish
4131.012,2,850,job finish
4131.234,1,850,job finish
4131.234,2,851,job start
4131.234,1,851,job start
4131.234,0,856,job start
4131.78,3,848,job finish
4131.78,3,849,job start
4133.242,4,848,job finish
4133.242,4,849,job start
4133.52,0,856,job finish
4133.696,1,851,job finish
4133.696,1,852,job start
4133.696,0,857,job start
4134.328,3,849,job finish
4134.328,3,850,job start
4135.319,2,851,job finish
4135.319,2,852,job start
4135.791,4,849,job finish
4135.791,4,850,job start
4136.122,0,857,job finish
4137.203,3,850,job finish
4137.203,3,851,job start
4137.511,1,852,job finish
4137.511,1,853,job start
4137.511,0,858,job start
4139.274,2,852,job finish
4139.274,2,853,job start
4140.627,3,851,job finish
4140.627,3,852,job start
4142.511,0,858,job finish
4142.54,2,853,job finish
4142.609,1,853,job finish
4142.609,2,854,job start
4142.609,1,854,job start
4142.609,0,859,job start
4143.162,3,852,job finish
4143.162,3,853,job start
4143.723,4,850,job finish
4143.723,4,851,job start
4144.766,2,854,job finish
4145.778,4,851,job finish
4145.778,4,852,job start
4146.322,0,859,job finish
4147.699,1,854,job finish
4147.699,2,855,job start
4147.699,1,855,job start
4147.699,0,860,job start
4148.846,4,852,job finish
4148.846,4,853,job start
4149.737,0,860,job finish
4151.0,3,853,job finish
4151.0,3,854,job start
4151.378,2,855,job finish
4152.005,4,853,job finish
4152.005,4,854,job start
4153.083,1,855,job finish
4153.083,2,856,job start
4153.083,1,856,job start
4153.083,0,861,job start
4153.8,3,854,job finish
4153.8,3,855,job start
4154.269,4,854,job finish
4154.269,4,855,job start
4156.159,1,856,job finish
4156.159,1,857,job start
4156.768,2,856,job finish
4156.768,2,857,job start
4159.196,2,857,job finish
4159.996,1,857,job finish
4159.996,2,858,job start
4159.996,1,858,job start
4160.557,4,855,job finish
4163.309,3,855,job finish
4163.309,4,856,job start
4163.309,3,856,job start
4163.42,1,858,job finish
4163.42,1,859,job start
4164.632,2,858,job finish
4164.632,2,859,job start
4165.567,4,856,job finish
4166.075,3,856,job finish
4166.075,4,857,job start
4166.075,3,857,job start
4166.084,1,859,job finish
4166.084,1,860,job start
4166.172,0,861,job finish
4166.172,0,862,job start
4168.447,4,857,job finish
4169.045,0,862,job finish
4169.045,0,863,job start
4169.436,2,859,job finish
4169.436,2,860,job start
4171.538,2,860,job finish
4171.541,1,860,job finish
4171.541,2,861,job start
4171.541,1,861,job start
4173.035,3,857,job finish
4173.035,4,858,job start
4173.035,3,858,job start
4174.632,1,861,job finish
4174.632,1,862,job start
4174.676,2,861,job finish
4174.676,2,862,job start
4175.448,4,858,job finish
4175.939,3,858,job finish
4175.939,4,859,job start
4175.939,3,859,job start
4176.876,0,863,job finish
4176.876,0,864,job start
4178.326,4,859,job finish
4180.099,1,862,job finish
4180.099,1,863,job start
4180.293,3,859,job finish
4180.293,4,860,job start
4180.293,3,860,job start
4180.296,2,862,job finish
4180.296,2,863,job start
4182.364,0,864,job finish
4182.364,0,865,job start
4183.55,4,860,job finish
4183.708,3,860,job finish
4183.708,4,861,job start
4183.708,3,861,job start
4184.571,1,863,job finish
4184.571,1,864,job start
4185.38,2,863,job finish
4185.38,2,864,job start
4186.89,3,861,job finish
4186.89,3,862,job start
4187.285,0,865,job finish
4187.285,0,866,job start
4188.512,2,864,job finish
4189.492,3,862,job finish
4189.492,3,863,job start
4191.436,4,861,job finish
4191.436,4,862,job start
4192.648,0,866,job finish
4192.648,0,867,job start
4193.71,3,863,job finish
4193.71,3,864,job start
4193.756,4,862,job finish
4193.756,4,863,job start
4194.831,1,864,job finish
4194.831,2,865,job start
4194.831,1,865,job start
4194.968,0,867,job finish
4194.968,0,868,job start
4195.929,4,863,job finish
4195.929,4,864,job start
4197.755,3,864,job finish
4197.755,3,865,job start
4198.377,0,868,job finish
4198.377,0,869,job start
4198.41,4,864,job finish
4198.41,4,865,job start
4200.928,0,869,job finish
4200.928,0,870,job start
4200.945,4,865,job finish
4201.079,1,865,job finish
4201.079,1,866,job start
4202.557,3,865,job finish
4202.557,4,866,job start
4203.386,1,866,job finish
4203.386,1,867,job start
4203.673,0,870,job finish
4203.673,0,871,job start
4204.989,4,866,job finish
4205.225,2,865,job finish
4205.225,3,866,job start
4205.225,2,866,job start
4206.172,1,867,job finish
4206.172,1,868,job start
4208.383,2,866,job finish
4208.383,2,867,job start
4209.17,0,871,job finish
4209.17,0,872,job start
4210.505,2,867,job finish
4210.505,2,868,job start
4211.122,1,868,job finish
4211.122,1,869,job start
4211.8,0,872,job finish
4211.8,0,873,job start
4212.957,2,868,job finish
4212.957,2,869,job start
4214.882,3,866,job finish
4214.882,4,867,job start
4214.882,3,867,job start
4215.168,1,869,job finish
4215.168,1,870,job start
4216.752,2,869,job finish
4216.752,2,870,job start
4218.243,3,867,job finish
4218.243,3,868,job start
4218.31,1,870,job finish
4218.31,1,871,job start
4218.762,2,870,job finish
4218.762,2,871,job start
4218.953,0,873,job finish
4218.953,0,874,job start
4221.511,4,867,job finish
4221.511,4,868,job start
4222.438,2,871,job finish
4224.257,3,868,job finish
4224.257,3,869,job start
4225.112,0,874,job finish
4225.112,0,875,job start
4225.392,4,868,job finish
4225.392,4,869,job start
4226.176,1,871,job finish
4226.176,2,872,job start
4226.176,1,872,job start
4227.286,0,875,job finish
4227.286,0,876,job start
4228.361,2,872,job finish
4228.928,3,869,job finish
4228.928,3,870,job start
4229.157,1,872,job finish
4229.157,2,873,job start
4229.157,1,873,job start
4230.705,4,869,job finish
4230.705,4,870,job start
4230.768,0,876,job finish
4230.768,0,877,job start
4231.499,3,870,job finish
4231.499,3,871,job start
4232.773,2,873,job finish
4232.999,4,870,job finish
4232.999,4,871,job start
4234.247,1,873,job finish
4234.247,2,874,job start
4234.247,1,874,job start
4234.345,3,871,job finish
4234.345,3,872,job start
4234.978,0,877,job finish
4234.978,0,878,job start
4236.716,4,871,job finish
4236.716,4,872,job start
4238.11,0,878,job finish
4238.11,0,879,job start
4238.388,2,874,job finish
4239.986,3,872,job finish
4239.986,3,873,job start
4240.415,1,874,job finish
4240.415,2,875,job start
4240.415,1,875,job start
4242.05,4,872,job finish
4242.05,4,873,job start
4242.5,0,879,job finish
4242.5,0,880,job start
4243.018,3,873,job finish
4243.018,3,874,job start
4244.474,2,875,job finish
4244.571,4,873,job finish
4244.571,4,874,job start
4244.823,0,880,job finish
4245.1,1,875,job finish
4245.1,2,876,job start
4245.1,1,876,job start
4245.1,0,881,job start
4246.987,4,874,job finish
4249.006,1,876,job finish
4249.006,1,877,job start
4250.555,3,874,job finish
4250.555,4,875,job start
4250.555,3,875,job start
4250.907,0,881,job finish
4250.907,0,882,job start
4251.287,1,877,job finish
4251.287,1,878,job start
4252.8,2,876,job finish
4252.8,2,877,job start
4253.842,4,875,job finish
4254.823,3,875,job finish
4254.823,4,876,job start
4254.823,3,876,job start
4255.029,0,882,job finish
4255.029,0,883,job start
4256.221,2,877,job finish
4256.221,2,878,job start
4256.994,1,878,job finish
4256.994,1,879,job start
4258.238,3,876,job finish
4258.238,3,877,job start
4258.5,2,878,job finish
4258.5,2,879,job start
4259.546,4,876,job finish
4259.546,4,877,job start
4260.541,2,879,job finish
4261.525,0,883,job finish
4261.525,0,884,job start
4262.44,1,879,job finish
4262.44,2,880,job start
4262.44,1,880,job start
4262.747,4,877,job finish
4263.862,0,884,job finish
4263.862,0,885,job start
4265.272,2,880,job finish
4265.931,3,877,job finish
4265.931,4,878,job start
4265.931,3,878,job start
4266.151,0,885,job finish
4267.364,1,880,job finish
4267.364,2,881,job start
4267.364,1,881,job start
4267.364,0,886,job start
4268.672,4,878,job finish
4269.099,3,878,job finish
4269.099,4,879,job start
4269.099,3,879,job start
4269.675,0,886,job finish
4271.754,1,881,job finish
4271.754,1,882,job start
4271.754,0,887,job start
4271.774,2,881,job finish
4271.774,2,882,job start
4271.952,4,879,job finish
4272.038,3,879,job finish
4272.038,4,880,job start
4272.038,3,880,job start
4274.373,3,880,job finish
4274.373,3,881,job start
4275.195,4,880,job finish
4275.195,4,881,job start
4275.235,0,887,job finish
4275.668,2,882,job finish
4277.814,4,881,job finish
4278.258,1,882,job finish
4278.258,2,883,job start
4278.258,1,883,job start
4278.258,0,888,job start
4279.237,3,881,job finish
4279.237,4,882,job start
4279.237,3,882,job start
4280.333,0,888,job finish
4281.645,1,883,job finish
4281.645,1,884,job start
4281.645,0,889,job start
4283.807,2,883,job finish
4283.807,2,884,job start
4283.906,3,882,job finish
4283.906,3,883,job start
4284.515,4,882,job finish
4284.515,4,883,job start
4284.726,0,889,job finish
4286.038,2,884,job finish
4286.661,3,883,job finish
4286.661,3,884,job start
4288.459,4,883,job finish
4288.459,4,884,job start
4289.467,3,884,job finish
4289.467,3,885,job start
4292.1,1,884,job finish
4292.1,2,885,job start
4292.1,1,885,job start
4292.1,0,890,job start
4292.141,4,884,job finish
4292.141,4,885,job start
4292.825,3,885,job finish
4294.246,4,885,job finish
4294.246,4,886,job start
4295.144,2,885,job finish
4295.144,3,886,job start
4296.436,1,885,job finish
4296.436,2,886,job start
4296.436,1,886,job start
4296.782,4,886,job finish
4297.851,0,890,job finish
4297.851,0,891,job start
4298.13,3,886,job finish
4298.13,4,887,job start
4299.896,2,886,job finish
4299.896,3,887,job start
4300.53,1,886,job finish
4300.53,2,887,job start
4300.53,1,887,job start
4300.601,0,891,job finish
4300.601,0,892,job start
4301.147,4,887,job finish
4302.65,3,887,job finish
4302.65,4,888,job start
4303.562,1,887,job finish
4303.562,1,888,job start
4305.555,0,892,job finish
4305.555,0,893,job start
4305.558,2,887,job finish
4305.558,3,888,job start
4305.558,2,888,job start
4306.581,1,888,job finish
4306.581,1,889,job start
4308.454,2,888,job finish
4308.454,2,889,job start
4308.793,0,893,job finish
4308.793,0,894,job start
4310.252,4,888,job finish
4310.344,3,888,job finish
4310.344,4,889,job start
4310.344,3,889,job start
4310.511,2,889,job finish
4311.417,1,889,job finish
4311.417,2,890,job start
4311.417,1,890,job start
4312.989,3,889,job finish
4312.989,3,890,job start
4313.389,4,889,job finish
4313.389,4,890,job start
4313.678,1,890,job finish
4313.678,1,891,job start
4313.741,0,894,job finish
4313.741,0,895,job start
4315.86,0,895,job finish
4315.86,0,896,job start
4315.925,3,890,job finish
4318.75,0,896,job finish
4318.981,4,890,job finish
4318.981,4,891,job start
4319.565,2,890,job finish
4319.565,3,891,job start
4319.565,2,891,job start
4321.034,1,891,job finish
4321.034,1,892,job start
4321.034,0,897,job start
4321.567,4,891,job finish
4322.225,2,891,job finish
4322.225,2,892,job start
4323.797,0,897,job finish
4323.872,1,892,job finish
4323.872,1,893,job start
4323.872,0,898,job start
4323.93,3,891,job finish
4323.93,4,892,job start
4323.93,3,892,job start
4324.356,2,892,job finish
4324.356,2,893,job start
4326.663,1,893,job finish
4326.663,1,894,job start
4327.009,2,893,job finish
4327.009,2,894,job start
4327.396,4,892,job finish
4327.907,0,898,job finish
4327.907,0,899,job start
4328.895,3,892,job finish
4328.895,4,893,job start
4328.895,3,893,job start
4328.939,1,894,job finish
4328.939,1,895,job start
4330.117,0,899,job finish
4330.117,0,900,job start
4331.013,2,894,job finish
4331.013,2,895,job start
4331.87,3,893,job finish
4331.87,3,894,job start
4333.134,4,893,job finish
4333.134,4,894,job start
4333.372,1,895,job finish
4333.372,1,896,job start
4335.106,0,900,job finish
4335.106,0,901,job start
4336.767,3,894,job finish
4336.767,3,895,job start
4339.963,3,895,job finish
4340.827,4,894,job finish
4340.827,4,895,job start
4343.223,2,895,job finish
4343.223,3,896,job start
4343.223,2,896,job start
4343.316,4,895,job finish
4343.316,4,896,job start
4344.061,0,901,job finish
4345.7,1,896,job finish
4345.7,1,897,job start
4345.7,0,902,job start
4346.186,3,896,job finish
4347.02,4,896,job finish
4347.02,4,897,job start
4348.213,1,897,job finish
4348.213,1,898,job start
4348.387,0,902,job finish
4348.387,0,903,job start
4350.636,1,898,job finish
4350.636,1,899,job start
4351.204,0,903,job finish
4351.204,0,904,job start
4352.186,4,897,job finish
4355.013,0,904,job finish
4355.631,2,896,job finish
4355.631,3,897,job start
4355.631,2,897,job start
4355.841,1,899,job finish
4355.841,1,900,job start
4355.841,0,905,job start
4357.923,0,905,job finish
4358.134,2,897,job finish
4358.134,2,898,job start
4359.682,1,900,job finish
4359.682,1,901,job start
4359.682,0,906,job start
4360.076,3,897,job finish
4360.076,4,898,job start
4360.076,3,898,job start
4361.095,2,898,job finish
4361.095,2,899,job start
4363.175,4,898,job finish
4363.836,2,899,job finish
4363.836,2,900,job start
4364.332,1,901,job finish
4364.332,1,902,job start
4366.452,2,900,job finish
4366.452,2,901,job start
4367.661,3,898,job finish
4367.661,4,899,job start
4367.661,3,899,job start
4367.767,1,902,job finish
4367.767,1,903,job start
4369.833,4,899,job finish
4370.097,2,901,job finish
4370.097,2,902,job start
4371.667,0,906,job finish
4371.667,0,907,job start
4371.791,1,903,job finish
4371.791,1,904,job start
4372.864,3,899,job finish
4372.864,4,900,job start
4372.864,3,900,job start
4374.318,0,907,job finish
4374.318,0,908,job start
4375.275,2,902,job finish
4375.275,2,903,job start
4377.083,0,908,job finish
4377.083,0,909,job start
4377.224,4,900,job finish
4377.585,1,904,job finish
4377.585,1,905,job start
4378.133,3,900,job finish
4378.133,4,901,job start
4378.133,3,901,job start
4379.962,1,905,job finish
4379.962,1,906,job start
4380.738,4,901,job finish
4381.335,3,901,job finish
4381.335,4,902,job start
4381.335,3,902,job start
4381.467,2,903,job finish
4381.467,2,904,job start
4382.469,0,909,job finish
4382.469,0,910,job start
4383.723,4,902,job finish
4384.368,3,902,job finish
4384.368,4,903,job start
4384.368,3,903,job start
4384.573,2,904,job finish
4384.573,2,905,job start
4386.384,0,910,job finish
4386.384,0,911,job start
4387.017,1,906,job finish
4387.017,1,907,job start
4387.882,4,903,job finish
4389.182,0,911,job finish
4389.182,0,912,job start
4390.316,1,907,job finish
4390.316,1,908,job start
4390.494,2,905,job finish
4390.494,2,906,job start
4391.089,3,903,job finish
4391.089,4,904,job start
4391.089,3,904,job start
4393.051,0,912,job finish
4393.051,0,913,job start
4393.124,4,904,job finish
4393.178,2,906,job finish
4393.178,2,907,job start
4393.359,1,908,job finish
4393.359,1,909,job start
4395.716,1,909,job finish
4395.716,1,910,job start
4396.126,0,913,job finish
4396.126,0,914,job start
4396.299,2,907,job finish
4396.299,2,908,job start
4396.963,3,904,job finish
4396.963,4,905,job start
4396.963,3,905,job start
4398.653,0,914,job finish
4398.653,0,915,job start
4398.725,2,908,job finish
4398.725,2,909,job start
4399.021,1,910,job finish
4399.021,1,911,job start
4402.269,2,909,job finish
4402.269,2,910,job start
4402.418,0,915,job finish
4402.418,0,916,job start
4405.094,4,905,job finish
4405.738,2,910,job finish
4406.313,1,911,job finish
4406.313,1,912,job start
4407.651,3,905,job finish
4407.651,4,906,job start
4407.651,3,906,job start
4407.651,2,911,job start
4408.035,0,916,job finish
4408.035,0,917,job start
4409.029,1,912,job finish
4409.029,1,913,job start
4410.023,3,906,job finish
4410.023,3,907,job start
4410.29,2,911,job finish
4410.29,2,912,job start
4410.651,4,906,job finish
4410.651,4,907,job start
4413.181,2,912,job finish
4413.32,4,907,job finish
4414.246,3,907,job finish
4414.246,4,908,job start
4414.246,3,908,job start
4414.246,2,913,job start
4416.474,4,908,job finish
4416.512,3,908,job finish
4416.512,4,909,job start
4416.512,3,909,job start
4416.716,1,913,job finish
4416.716,1,914,job start
4420.197,4,909,job finish
4420.656,1,914,job finish
4420.656,1,915,job start
4422.233,2,913,job finish
4422.233,2,914,job start
4422.5,3,909,job finish
4422.5,4,910,job start
4422.5,3,910,job start
4422.742,0,917,job finish
4422.742,0,918,job start
4423.565,1,915,job finish
4423.565,1,916,job start
4424.938,0,918,job finish
4424.938,0,919,job start
4426.118,4,910,job finish
4426.348,2,914,job finish
4426.348,2,915,job start
4427.255,1,916,job finish
4427.255,1,917,job start
4427.69,0,919,job finish
4427.69,0,920,job start
4427.882,3,910,job finish
4427.882,4,911,job start
4427.882,3,911,job start
4429.187,2,915,job finish
4429.187,2,916,job start
4430.046,4,911,job finish
4431.357,1,917,job finish
4431.357,1,918,job start
4434.809,1,918,job finish
4434.809,1,919,job start
4435.961,0,920,job finish
4435.961,0,921,job start
4436.175,3,911,job finish
4436.175,4,912,job start
4436.175,3,912,job start
4438.181,0,921,job finish
4438.181,0,922,job start
4439.049,2,916,job finish
4439.049,2,917,job start
4440.258,4,912,job finish
4441.421,0,922,job finish
4441.421,0,923,job start
4443.775,2,917,job finish
4447.851,1,919,job finish
4447.851,1,920,job start
4449.3,0,923,job finish
4449.3,0,924,job start
4449.658,3,912,job finish
4449.658,4,913,job start
4449.658,3,913,job start
4449.658,2,918,job start
4451.107,1,920,job finish
4451.107,1,921,job start
4452.056,2,918,job finish
4452.717,4,913,job finish
4452.837,3,913,job finish
4452.837,4,914,job start
4452.837,3,914,job start
4452.837,2,919,job start
4454.107,1,921,job finish
4454.107,1,922,job start
4455.596,2,919,job finish
4455.676,0,924,job finish
4455.676,0,925,job start
4457.032,1,922,job finish
4457.032,1,923,job start
4457.771,3,914,job finish
4457.771,3,915,job start
4457.771,2,920,job start
4459.568,4,914,job finish
4459.568,4,915,job start
4460.03,3,915,job finish
4460.03,3,916,job start
4460.271,2,920,job finish
4460.271,2,921,job start
4462.457,4,915,job finish
4462.457,4,916,job start
4463.036,0,925,job finish
4463.036,0,926,job start
4464.114,1,923,job finish
4464.114,1,924,job start
4464.816,2,921,job finish
4465.907,3,916,job finish
4465.907,3,917,job start
4465.907,2,922,job start
4466.132,0,926,job finish
4466.132,0,927,job start
4468.563,2,922,job finish
4468.573,1,924,job finish
4468.573,1,925,job start
4468.67,3,917,job finish
4468.67,3,918,job start
4468.67,2,923,job start
4469.188,4,916,job finish
4469.188,4,917,job start
4471.011,3,918,job finish
4471.011,3,919,job start
4471.484,1,925,job finish
4471.484,1,926,job start
4471.532,2,923,job finish
4471.532,2,924,job start
4471.832,4,917,job finish
4471.832,4,918,job start
4473.883,2,924,job finish
4475.334,3,919,job finish
4475.334,3,920,job start
4475.334,2,925,job start
4475.69,0,927,job finish
4475.69,0,928,job start
4477.391,2,925,job finish
4478.451,1,926,job finish
4478.451,1,927,job start
4478.533,0,928,job finish
4478.533,0,929,job start
4479.568,4,918,job finish
4479.568,4,919,job start
4481.452,3,920,job finish
4481.452,3,921,job start
4481.452,2,926,job start
4483.196,4,919,job finish
4483.196,4,920,job start
4483.763,0,929,job finish
4483.763,0,930,job start
4484.952,3,921,job finish
4484.952,3,922,job start
4485.014,1,927,job finish
4485.014,1,928,job start
4485.763,2,926,job finish
4485.763,2,927,job start
4487.679,1,928,job finish
4487.679,1,929,job start
4488.017,0,930,job finish
4488.017,0,931,job start
4488.133,4,920,job finish
4488.133,4,921,job start
4489.843,3,922,job finish
4489.843,3,923,job start
4490.827,2,927,job finish
4490.827,2,928,job start
4492.439,0,931,job finish
4492.439,0,932,job start
4492.786,3,923,job finish
4492.786,3,924,job start
4493.253,1,929,job finish
4493.253,1,930,job start
4494.278,4,921,job finish
4494.278,4,922,job start
4494.394,2,928,job finish
4494.394,2,929,job start
4495.966,3,924,job finish
4495.966,3,925,job start
4497.723,4,922,job finish
4497.723,4,923,job start
4498.289,0,932,job finish
4498.289,0,933,job start
4498.527,3,925,job finish
4498.527,3,926,job start
4499.742,2,929,job finish
4499.742,2,930,job start
4500.009,1,930,job finish
4500.009,1,931,job start
4500.31,4,923,job finish
4500.31,4,924,job start
4500.807,3,926,job finish
4500.807,3,927,job start
4502.008,0,933,job finish
4502.008,0,934,job start
4503.005,2,930,job finish
4503.005,2,931,job start
4505.408,2,931,job finish
4505.565,0,934,job finish
4505.565,0,935,job start
4506.733,3,927,job finish
4506.733,3,928,job start
4507.29,1,931,job finish
4507.29,2,932,job start
4507.29,1,932,job start
4507.865,0,935,job finish
4507.865,0,936,job start
4509.847,2,932,job finish
4510.542,1,932,job finish
4510.542,2,933,job start
4510.542,1,933,job start
4511.23,3,928,job finish
4511.23,3,929,job start
4512.916,0,936,job finish
4512.916,0,937,job start
4513.242,2,933,job finish
4513.431,4,924,job finish
4513.431,4,925,job start
4514.041,3,929,job finish
4514.041,3,930,job start
4515.308,0,937,job finish
4515.308,0,938,job start
4515.448,4,925,job finish
4515.448,4,926,job start
4519.877,0,938,job finish
4520.214,3,930,job finish
4520.214,3,931,job start
4520.27,1,933,job finish
4520.27,2,934,job start
4520.27,1,934,job start
4520.27,0,939,job start
4520.691,4,926,job finish
4520.691,4,927,job start
4522.954,2,934,job finish
4523.127,1,934,job finish
4523.127,2,935,job start
4523.127,1,935,job start
4523.547,3,931,job finish
4523.547,3,932,job start
4525.374,4,927,job finish
4525.374,4,928,job start
4525.624,2,935,job finish
4525.698,0,939,job finish
4525.698,0,940,job start
4527.608,4,928,job finish
4527.608,4,929,job start
4527.778,3,932,job finish
4527.778,3,933,job start
4530.086,1,935,job finish
4530.086,2,936,job start
4530.086,1,936,job start
4530.09,3,933,job finish
4530.09,3,934,job start
4530.319,0,940,job finish
4530.319,0,941,job start
4533.028,1,936,job finish
4533.028,1,937,job start
4533.032,0,941,job finish
4533.032,0,942,job start
4533.326,2,936,job finish
4533.326,2,937,job start
4534.495,3,934,job finish
4536.393,4,929,job finish
4536.393,4,930,job start
4536.393,3,935,job start
4537.914,0,942,job finish
4539.784,2,937,job finish
4540.789,1,937,job finish
4540.789,2,938,job start
4540.789,1,938,job start
4540.789,0,943,job start
4541.155,4,930,job finish
4541.155,4,931,job start
4543.193,0,943,job finish
4543.324,4,931,job finish
4543.324,4,932,job start
4543.651,3,935,job finish
4543.651,3,936,job start
4543.864,2,938,job finish
4544.44,1,938,job finish
4544.44,2,939,job start
4544.44,1,939,job start
4544.44,0,944,job start
4546.304,3,936,job finish
4546.304,3,937,job start
4546.323,4,932,job finish
4546.323,4,933,job start
4546.934,2,939,job finish
4548.486,1,939,job finish
4548.486,2,940,job start
4548.486,1,940,job start
4549.095,0,944,job finish
4549.095,0,945,job start
4549.113,3,937,job finish
4549.113,3,938,job start
4552.399,4,933,job finish
4552.399,4,934,job start
4554.093,0,945,job finish
4554.297,2,940,job finish
4555.508,4,934,job finish
4555.508,4,935,job start
4555.774,1,940,job finish
4555.774,2,941,job start
4555.774,1,941,job start
4555.774,0,946,job start
4557.628,3,938,job finish
4557.628,3,939,job start
4559.11,4,935,job finish
4559.11,4,936,job start
4559.456,0,946,job finish
4559.93,3,939,job finish
4559.93,3,940,job start
4560.192,1,941,job finish
4560.192,1,942,job start
4560.192,0,947,job start
4561.184,4,936,job finish
4561.184,4,937,job start
4561.599,2,941,job finish
4561.599,2,942,job start
4562.552,0,947,job finish
4563.645,4,937,job finish
4563.645,4,938,job start
4563.997,1,942,job finish
4563.997,1,943,job start
4563.997,0,948,job start
4565.252,2,942,job finish
4565.252,2,943,job start
4566.186,0,948,job finish
4566.267,1,943,job finish
4566.267,1,944,job start
4566.267,0,949,job start
4567.449,4,938,job finish
4567.449,4,939,job start
4568.223,2,943,job finish
4568.223,2,944,job start
4570.047,0,949,job finish
4570.053,1,944,job finish
4570.053,1,945,job start
4570.053,0,950,job start
4571.453,2,944,job finish
4571.453,2,945,job start
4572.901,0,950,job finish
4574.432,2,945,job finish
4574.566,3,940,job finish
4574.566,3,941,job start
4574.857,4,939,job finish
4574.857,4,940,job start
4576.698,1,945,job finish
4576.698,2,946,job start
4576.698,1,946,job start
4576.698,0,951,job start
4578.644,4,940,job finish
4578.644,4,941,job start
4578.83,3,941,job finish
4578.83,3,942,job start
4579.457,2,946,job finish
4580.144,1,946,job finish
4580.144,2,947,job start
4580.144,1,947,job start
4581.718,3,942,job finish
4581.718,3,943,job start
4581.92,4,941,job finish
4581.92,4,942,job start
4582.369,0,951,job finish
4582.369,0,952,job start
4583.069,2,947,job finish
4584.465,0,952,job finish
4584.478,3,943,job finish
4584.478,3,944,job start
4585.59,4,942,job finish
4585.59,4,943,job start
4587.819,4,943,job finish
4587.819,4,944,job start
4588.812,1,947,job finish
4588.812,2,948,job start
4588.812,1,948,job start
4588.812,0,953,job start
4591.25,0,953,job finish
4591.473,2,948,job finish
4591.505,4,944,job finish
4594.032,1,948,job finish
4594.032,2,949,job start
4594.032,1,949,job start
4594.032,0,954,job start
4596.115,0,954,job finish
4596.55,3,944,job finish
4596.55,4,945,job start
4596.55,3,945,job start
4597.118,2,949,job finish
4599.714,4,945,job finish
4600.81,3,945,job finish
4600.81,4,946,job start
4600.81,3,946,job start
4600.828,1,949,job finish
4600.828,2,950,job start
4600.828,1,950,job start
4600.828,0,955,job start
4603.507,2,950,job finish
4604.929,3,946,job finish
4604.929,3,947,job start
4605.008,0,955,job finish
4605.114,4,946,job finish
4605.114,4,947,job start
4605.331,1,950,job finish
4605.331,2,951,job start
4605.331,1,951,job start
4605.331,0,956,job start
4608.341,2,951,job finish
4608.685,1,951,job finish
4608.685,2,952,job start
4608.685,1,952,job start
4610.92,2,952,job finish
4612.232,3,947,job finish
4612.232,3,948,job start
4612.354,4,947,job finish
4612.354,4,948,job start
4614.615,4,948,job finish
4614.903,3,948,job finish
4614.903,4,949,job start
4614.903,3,949,job start
4615.908,1,952,job finish
4615.908,2,953,job start
4615.908,1,953,job start
4616.847,0,956,job finish
4616.847,0,957,job start
4617.923,4,949,job finish
4618.844,1,953,job finish
4618.844,1,954,job start
4619.207,3,949,job finish
4619.207,4,950,job start
4619.207,3,950,job start
4619.328,2,953,job finish
4619.328,2,954,job start
4620.621,0,957,job finish
4620.621,0,958,job start
4621.591,1,954,job finish
4621.591,1,955,job start
4622.213,4,950,job finish
4622.547,3,950,job finish
4622.547,4,951,job start
4622.547,3,951,job start
4623.878,2,954,job finish
4623.878,2,955,job start
4624.951,4,951,job finish
4626.392,2,955,job finish
4627.332,0,958,job finish
4627.332,0,959,job start
4631.247,0,959,job finish
4631.247,0,960,job start
4633.907,0,960,job finish
4637.446,1,955,job finish
4637.446,2,956,job start
4637.446,1,956,job start
4637.446,0,961,job start
4639.51,2,956,job finish
4639.748,1,956,job finish
4639.748,1,957,job start
4640.343,3,951,job finish
4640.343,4,952,job start
4640.343,3,952,job start
4640.343,2,957,job start
4640.859,0,961,job finish
4640.859,0,962,job start
4642.34,1,957,job finish
4642.34,1,958,job start
4643.016,3,952,job finish
4643.016,3,953,job start
4643.736,2,957,job finish
4643.736,2,958,job start
4644.478,0,962,job finish
4644.478,0,963,job start
4645.01,1,958,job finish
4645.01,1,959,job start
4646.483,2,958,job finish
4646.626,0,963,job finish
4646.626,0,964,job start
4647.387,1,959,job finish
4647.387,1,960,job start
4647.726,3,953,job finish
4647.726,3,954,job start
4647.726,2,959,job start
4647.889,4,952,job finish
4647.889,4,953,job start
4650.05,0,964,job finish
4650.05,0,965,job start
4651.053,1,960,job finish
4651.053,1,961,job start
4651.548,4,953,job finish
4651.548,4,954,job start
4652.059,0,965,job finish
4652.059,0,966,job start
4652.221,3,954,job finish
4652.221,3,955,job start
4654.052,2,959,job finish
4654.052,2,960,job start
4655.22,3,955,job finish
4655.22,3,956,job start
4655.404,1,961,job finish
4655.404,1,962,job start
4656.3,4,954,job finish
4656.3,4,955,job start
4656.374,0,966,job finish
4656.374,0,967,job start
4657.859,3,956,job finish
4657.859,3,957,job start
4658.015,2,960,job finish
4658.015,2,961,job start
4658.706,1,962,job finish
4658.706,1,963,job start
4659.292,4,955,job finish
4659.292,4,956,job start
4662.558,1,963,job finish
4662.558,1,964,job start
4662.877,4,956,job finish
4662.877,4,957,job start
4663.539,2,961,job finish
4663.539,2,962,job start
4663.9,3,957,job finish
4663.9,3,958,job start
4665.045,0,967,job finish
4665.045,0,968,job start
4665.378,4,957,job finish
4665.378,4,958,job start
4665.755,1,964,job finish
4665.755,1,965,job start
4666.493,3,958,job finish
4666.493,3,959,job start
4666.514,2,962,job finish
4666.514,2,963,job start
4668.802,4,958,job finish
4668.802,4,959,job start
4668.969,1,965,job finish
4668.969,1,966,job start
4669.584,0,968,job finish
4669.584,0,969,job start
4670.49,3,959,job finish
4670.49,3,960,job start
4672.706,0,969,job finish
4672.706,0,970,job start
4672.765,4,959,job finish
4672.765,4,960,job start
4673.608,1,966,job finish
4673.608,1,967,job start
4674.54,3,960,job finish
4674.54,3,961,job start
4675.179,0,970,job finish
4675.179,0,971,job start
4675.943,1,967,job finish
4675.943,1,968,job start
4676.133,4,960,job finish
4676.133,4,961,job start
4677.272,0,971,job finish
4677.272,0,972,job start
4678.229,4,961,job finish
4679.642,2,963,job finish
4679.642,2,964,job start
4680.175,0,972,job finish
4680.175,0,973,job start
4680.438,3,961,job finish
4680.438,4,962,job start
4680.438,3,962,job start
4680.62,1,968,job finish
4680.62,1,969,job start
4681.678,2,964,job finish
4681.678,2,965,job start
4683.128,0,973,job finish
4683.128,0,974,job start
4683.383,4,962,job finish
4685.547,1,969,job finish
4685.547,1,970,job start
4686.425,3,962,job finish
4686.425,4,963,job start
4686.425,3,963,job start
4686.764,0,974,job finish
4686.764,0,975,job start
4686.977,2,965,job finish
4686.977,2,966,job start
4688.035,1,970,job finish
4688.035,1,971,job start
4688.675,4,963,job finish
4691.931,0,975,job finish
4691.931,0,976,job start
4692.283,3,963,job finish
4692.283,4,964,job start
4692.283,3,964,job start
4692.442,2,966,job finish
4692.442,2,967,job start
4693.314,1,971,job finish
4693.314,1,972,job start
4694.343,4,964,job finish
4695.105,2,967,job finish
4695.105,2,968,job start
4695.421,3,964,job finish
4695.421,4,965,job start
4695.421,3,965,job start
4697.006,0,976,job finish
4697.006,0,977,job start
4697.259,2,968,job finish
4697.259,2,969,job start
4697.71,1,972,job finish
4697.71,1,973,job start
4701.2,2,969,job finish
4701.2,2,970,job start
4701.348,3,965,job finish
4701.348,3,966,job start
4702.167,0,977,job finish
4702.167,0,978,job start
4702.491,4,965,job finish
4702.491,4,966,job start
4703.322,1,973,job finish
4703.322,1,974,job start
4703.648,3,966,job finish
4703.648,3,967,job start
4705.799,2,970,job finish
4705.799,2,971,job start
4708.545,1,974,job finish
4708.545,1,975,job start
4708.86,4,966,job finish
4708.86,4,967,job start
4710.158,0,978,job finish
4710.158,0,979,job start
4710.406,3,967,job finish
4710.406,3,968,job start
4711.46,2,971,job finish
4711.46,2,972,job start
4711.581,1,975,job finish
4711.581,1,976,job start
4711.863,4,967,job finish
4711.863,4,968,job start
4712.745,3,968,job finish
4712.745,3,969,job start
4713.84,2,972,job finish
4713.84,2,973,job start
4716.763,1,976,job finish
4716.763,1,977,job start
4717.049,3,969,job finish
4717.049,3,970,job start
4719.213,4,968,job finish
4719.213,4,969,job start
4719.386,1,977,job finish
4719.386,1,978,job start
4719.472,2,973,job finish
4719.472,2,974,job start
4719.541,3,970,job finish
4719.541,3,971,job start
4721.892,4,969,job finish
4721.892,4,970,job start
4721.896,1,978,job finish
4721.896,1,979,job start
4722.347,3,971,job finish
4722.347,3,972,job start
4722.946,2,974,job finish
4722.946,2,975,job start
4723.93,0,979,job finish
4723.93,0,980,job start
4724.637,1,979,job finish
4724.637,1,980,job start
4727.665,0,980,job finish
4727.665,0,981,job start
4730.495,3,972,job finish
4730.495,3,973,job start
4730.972,0,981,job finish
4730.972,0,982,job start
4731.163,2,975,job finish
4731.163,2,976,job start
4731.368,1,980,job finish
4731.368,1,981,job start
4733.262,4,970,job finish
4733.262,4,971,job start
4733.55,0,982,job finish
4733.55,0,983,job start
4733.725,3,973,job finish
4733.725,3,974,job start
4735.006,2,976,job finish
4735.006,2,977,job start
4736.536,4,971,job finish
4736.536,4,972,job start
4736.623,1,981,job finish
4736.623,1,982,job start
4737.305,0,983,job finish
4737.305,0,984,job start
4737.856,3,974,job finish
4737.856,3,975,job start
4738.006,2,977,job finish
4738.006,2,978,job start
4740.299,0,984,job finish
4740.299,0,985,job start
4742.952,3,975,job finish
4742.952,3,976,job start
4743.162,0,985,job finish
4743.162,0,986,job start
4744.533,1,982,job finish
4744.533,1,983,job start
4746.839,2,978,job finish
4746.839,2,979,job start
4747.927,3,976,job finish
4747.927,3,977,job start
4748.165,4,972,job finish
4748.165,4,973,job start
4749.461,0,986,job finish
4749.461,0,987,job start
4749.816,2,979,job finish
4749.816,2,980,job start
4752.332,0,987,job finish
4752.332,0,988,job start
4752.726,3,977,job finish
4752.726,3,978,job start
4753.19,2,980,job finish
4753.19,2,981,job start
4754.136,1,983,job finish
4754.136,1,984,job start
4754.992,3,978,job finish
4755.745,4,973,job finish
4755.745,4,974,job start
4755.745,3,979,job start
4757.55,2,981,job finish
4757.55,2,982,job start
4758.318,1,984,job finish
4758.318,1,985,job start
4759.977,2,982,job finish
4759.977,2,983,job start
4760.653,0,988,job finish
4760.653,0,989,job start
4760.744,4,974,job finish
4760.744,4,975,job start
4762.202,2,983,job finish
4762.202,2,984,job start
4762.469,3,979,job finish
4762.469,3,980,job start
4762.676,0,989,job finish
4762.676,0,990,job start
4763.566,4,975,job finish
4763.566,4,976,job start
4765.052,3,980,job finish
4765.052,3,981,job start
4765.228,2,984,job finish
4765.228,2,985,job start
4765.311,1,985,job finish
4765.311,1,986,job start
4766.249,0,990,job finish
4766.249,0,991,job start
4767.68,4,976,job finish
4767.68,4,977,job start
4768.168,3,981,job finish
4768.168,3,982,job start
4768.556,0,991,job finish
4769.817,2,985,job finish
4769.817,2,986,job start
4770.521,4,977,job finish
4770.521,4,978,job start
4770.531,3,982,job finish
4770.531,3,983,job start
4772.043,2,986,job finish
4774.201,3,983,job finish
4775.232,1,986,job finish
4775.232,2,987,job start
4775.232,1,987,job start
4775.232,0,992,job start
4775.581,4,978,job finish
4775.581,4,979,job start
4775.581,3,984,job start
4777.634,0,992,job finish
4777.96,3,984,job finish
4778.077,4,979,job finish
4778.077,4,980,job start
4778.077,3,985,job start
4779.035,1,987,job finish
4779.035,1,988,job start
4779.035,0,993,job start
4781.95,0,993,job finish
4782.122,1,988,job finish
4782.122,1,989,job start
4782.122,0,994,job start
4782.526,3,985,job finish
4783.78,2,987,job finish
4783.78,2,988,job start
4784.662,4,980,job finish
4784.662,4,981,job start
4784.662,3,986,job start
4785.033,0,994,job finish
4786.101,1,989,job finish
4786.101,1,990,job start
4786.101,0,995,job start
4787.038,3,986,job finish
4787.094,2,988,job finish
4787.094,2,989,job start
4788.305,0,995,job finish
4789.8,4,981,job finish
4789.8,4,982,job start
4789.8,3,987,job start
4790.05,2,989,job finish
4790.05,2,990,job start
4790.224,1,990,job finish
4790.224,1,991,job start
4790.224,0,996,job start
4792.188,3,987,job finish
4792.347,0,996,job finish
4792.903,2,990,job finish
4792.903,2,991,job start
4794.299,4,982,job finish
4794.299,4,983,job start
4794.299,3,988,job start
4796.072,2,991,job finish
4796.389,4,983,job finish
4796.389,4,984,job start
4796.904,3,988,job finish
4796.904,3,989,job start
4797.123,1,991,job finish
4797.123,2,992,job start
4797.123,1,992,job start
4797.123,0,997,job start
4799.274,0,997,job finish
4800.349,2,992,job finish
4800.624,3,989,job finish
4802.398,1,992,job finish
4802.398,2,993,job start
4802.398,1,993,job start
4802.398,0,998,job start
4802.743,4,984,job finish
4802.743,4,985,job start
4802.743,3,990,job start
4805.257,3,990,job finish
4806.017,2,993,job finish
4807.159,4,985,job finish
4807.159,4,986,job start
4807.159,3,991,job start
4808.942,0,998,job finish
4810.306,1,993,job finish
4810.306,2,994,job start
4810.306,1,994,job start
4810.306,0,999,job start
4811.898,4,986,job finish
4811.898,4,987,job start
4812.489,0,999,job finish
4812.671,2,994,job finish
4813.297,1,994,job finish
4813.297,2,995,job start
4813.297,1,995,job start
4813.297,0,1000,job start
4813.989,3,991,job finish
4813.989,3,992,job start
4815.639,2,995,job finish
4815.752,4,987,job finish
4815.752,4,988,job start
4816.26,3,992,job finish
4816.26,3,993,job start
4816.544,0,1000,job finish
4819.871,3,993,job finish
4820.211,4,988,job finish
4820.211,4,989,job start
4820.211,3,994,job start
4822.676,3,994,job finish
4823.099,4,989,job finish
4823.099,4,990,job start
4823.099,3,995,job start
4824.627,1,995,job finish
4824.627,2,996,job start
4824.627,1,996,job start
4824.627,0,1001,job start
4825.529,4,990,job finish
4825.529,4,991,job start
4826.086,3,995,job finish
4826.086,3,996,job start
4828.562,3,996,job finish
4828.88,1,996,job finish
4828.88,1,997,job start
4831.246,1,997,job finish
4831.246,1,998,job start
4831.636,4,991,job finish
4831.636,4,992,job start
4832.602,2,996,job finish
4832.602,3,997,job start
4832.602,2,997,job start
4836.04,4,992,job finish
4836.04,4,993,job start
4836.104,0,1001,job finish
4836.104,0,1002,job start
4836.289,2,997,job finish
4836.289,2,998,job start
4836.5,3,997,job finish
4836.5,3,998,job start
4839.475,1,998,job finish
4839.475,1,999,job start
4839.7,4,993,job finish
4839.7,4,994,job start
4840.051,3,998,job finish
4840.053,2,998,job finish
4840.053,3,999,job start
4840.053,2,999,job start
4840.239,0,1002,job finish
4840.239,0,1003,job start
4841.961,1,999,job finish
4841.961,1,1000,job start
4842.315,0,1003,job finish
4842.315,0,1004,job start
4842.541,3,999,job finish
4844.067,4,994,job finish
4844.067,4,995,job start
4844.893,2,999,job finish
4844.893,3,1000,job start
4844.893,2,1000,job start
4846.509,0,1004,job finish
4846.509,0,1005,job start
4846.777,4,995,job finish
4846.777,4,996,job start
4846.961,2,1000,job finish
4847.254,3,1000,job finish
4847.254,3,1001,job start
4848.385,1,1000,job finish
4848.385,2,1001,job start
4848.385,1,1001,job start
4849.844,0,1005,job finish
4849.844,0,1006,job start
4850.437,4,996,job finish
4850.437,4,997,job start
4853.038,3,1001,job finish
4854.955,2,1001,job finish
4854.955,3,1002,job start
4855.456,0,1006,job finish
4856.291,4,997,job finish
4856.291,4,998,job start
4859.272,1,1001,job finish
4859.272,2,1002,job start
4859.272,1,1002,job start
4859.272,0,1007,job start
4859.585,4,998,job finish
4859.585,4,999,job start
4859.976,3,1002,job finish
4861.872,0,1007,job finish
4864.26,4,999,job finish
4864.26,4,1000,job start
4867.945,4,1000,job finish
4867.945,4,1001,job start
4868.226,2,1002,job finish
4868.226,3,1003,job start
4868.49,1,1002,job finish
4868.49,2,1003,job start
4868.49,1,1003,job start
4868.49,0,1008,job start
4871.04,2,1003,job finish
4871.654,0,1008,job finish
4872.384,1,1003,job finish
4872.384,2,1004,job start
4872.384,1,1004,job start
4872.384,0,1009,job start
4872.556,3,1003,job finish
4872.556,3,1004,job start
4872.875,4,1001,job finish
4872.875,4,1002,job start
4875.072,4,1002,job finish
4875.072,4,1003,job start
4875.187,3,1004,job finish
4876.687,2,1004,job finish
4876.687,3,1005,job start
4876.908,0,1009,job finish
4877.428,1,1004,job finish
4877.428,2,1005,job start
4877.428,1,1005,job start
4877.428,0,1010,job start
4879.048,4,1003,job finish
4879.048,4,1004,job start
4879.569,3,1005,job finish
4879.764,2,1005,job finish
4879.764,3,1006,job start
4880.381,0,1010,job finish
4881.658,4,1004,job finish
4881.658,4,1005,job start
4883.64,3,1006,job finish
4885.732,1,1005,job finish
4885.732,2,1006,job start
4885.732,1,1006,job start
4885.732,0,1011,job start
4887.932,0,1011,job finish
4888.264,1,1006,job finish
4888.264,1,1007,job start
4888.264,0,1012,job start
4888.522,2,1006,job finish
4888.522,3,1007,job start
4888.522,2,1007,job start
4890.725,0,1012,job finish
4891.737,2,1007,job finish
4892.511,3,1007,job finish
4892.511,3,1008,job start
4895.263,4,1005,job finish
4895.263,4,1006,job start
4897.227,1,1007,job finish
4897.227,2,1008,job start
4897.227,1,1008,job start
4897.227,0,1013,job start
4897.854,4,1006,job finish
4897.854,4,1007,job start
4898.325,3,1008,job finish
4899.899,4,1007,job finish
4899.899,4,1008,job start
4902.077,0,1013,job finish
4902.365,2,1008,job finish
4902.365,3,1009,job start
4902.508,1,1008,job finish
4902.508,2,1009,job start
4902.508,1,1009,job start
4902.508,0,1014,job start
4904.574,2,1009,job finish
4905.072,0,1014,job finish
4905.553,3,1009,job finish
4905.553,3,1010,job start
4905.896,4,1008,job finish
4905.896,4,1009,job start
4907.983,1,1009,job finish
4907.983,2,1010,job start
4907.983,1,1010,job start
4907.983,0,1015,job start
4909.076,4,1009,job finish
4909.076,4,1010,job start
4910.07,2,1010,job finish
4910.086,3,1010,job finish
4910.086,3,1011,job start
4910.629,0,1015,job finish
4911.29,1,1010,job finish
4911.29,2,1011,job start
4911.29,1,1011,job start
4911.29,0,1016,job start
4913.386,2,1011,job finish
4913.51,3,1011,job finish
4913.51,3,1012,job start
4915.289,1,1011,job finish
4915.289,2,1012,job start
4915.289,1,1012,job start
4915.701,0,1016,job finish
4915.701,0,1017,job start
4915.816,4,1010,job finish
4915.816,4,1011,job start
4916.287,3,1012,job finish
4917.97,2,1012,job finish
4917.97,3,1013,job start
4920.178,4,1011,job finish
4920.178,4,1012,job start
4920.239,3,1013,job finish
4920.475,0,1017,job finish
4921.297,1,1012,job finish
4921.297,2,1013,job start
4921.297,1,1013,job start
4921.297,0,1018,job start
4925.24,2,1013,job finish
4925.24,3,1014,job start
4925.531,4,1012,job finish
4925.531,4,1013,job start
4926.429,1,1013,job finish
4926.429,2,1014,job start
4926.429,1,1014,job start
4926.672,0,1018,job finish
4926.672,0,1019,job start
4927.991,4,1013,job finish
4927.991,4,1014,job start
4928.835,3,1014,job finish
4929.808,1,1014,job finish
4929.808,1,1015,job start
4931.884,4,1014,job finish
4931.884,4,1015,job start
4932.179,0,1019,job finish
4932.179,0,1020,job start
4933.032,2,1014,job finish
4933.032,3,1015,job start
4933.032,2,1015,job start
4935.09,1,1015,job finish
4935.09,1,1016,job start
4935.338,2,1015,job finish
4935.338,2,1016,job start
4936.365,3,1015,job finish
4936.365,3,1016,job start
4937.588,2,1016,job finish
4937.694,4,1015,job finish
4937.694,4,1016,job start
4939.704,0,1020,job finish
4939.704,0,1021,job start
4940.1,4,1016,job finish
4941.454,3,1016,job finish
4941.454,4,1017,job start
4941.454,3,1017,job start
4942.76,1,1016,job finish
4942.76,2,1017,job start
4942.76,1,1017,job start
4944.756,3,1017,job finish
4946.359,4,1017,job finish
4946.359,4,1018,job start
4946.641,2,1017,job finish
4946.641,3,1018,job start
4947.725,1,1017,job finish
4947.725,2,1018,job start
4947.725,1,1018,job start
4948.515,0,1021,job finish
4948.515,0,1022,job start
4949.559,4,1018,job finish
4950.041,1,1018,job finish
4950.041,1,1019,job start
4950.434,2,1018,job finish
4950.434,2,1019,job start
4950.749,0,1022,job finish
4950.749,0,1023,job start
4952.668,3,1018,job finish
4952.668,4,1019,job start
4952.668,3,1019,job start
4952.867,1,1019,job finish
4952.867,1,1020,job start
4953.278,0,1023,job finish
4953.278,0,1024,job start
4954.436,2,1019,job finish
4954.436,2,1020,job start
4956.007,1,1020,job finish
4956.007,1,1021,job start
4956.048,3,1019,job finish
4956.048,3,1020,job start
4956.638,0,1024,job finish
4956.638,0,1025,job start
4957.164,2,1020,job finish
4957.164,2,1021,job start
4957.357,4,1019,job finish
4957.357,4,1020,job start
4960.125,3,1020,job finish
4960.125,3,1021,job start
4960.962,2,1021,job finish
4961.218,0,1025,job finish
4961.218,0,1026,job start
4961.466,1,1021,job finish
4961.466,2,1022,job start
4961.466,1,1022,job start
4961.885,4,1020,job finish
4961.885,4,1021,job start
4964.36,4,1021,job finish
4964.96,0,1026,job finish
4964.96,0,1027,job start
4966.254,2,1022,job finish
4967.421,3,1021,job finish
4967.421,4,1022,job start
4967.421,3,1022,job start
4967.444,0,1027,job finish
4969.211,1,1022,job finish
4969.211,2,1023,job start
4969.211,1,1023,job start
4969.211,0,1028,job start
4971.529,0,1028,job finish
4971.863,3,1022,job finish
4971.863,3,1023,job start
4972.412,4,1022,job finish
4972.412,4,1023,job start
4972.563,1,1023,job finish
4972.563,1,1024,job start
4972.563,0,1029,job start
4974.145,3,1023,job finish
4974.56,2,1023,job finish
4974.56,3,1024,job start
4974.56,2,1024,job start
4975.097,1,1024,job finish
4975.097,1,1025,job start
4975.339,4,1023,job finish
4975.339,4,1024,job start
4976.108,0,1029,job finish
4976.108,0,1030,job start
4978.374,1,1025,job finish
4978.374,1,1026,job start
4979.537,4,1024,job finish
4980.225,2,1024,job finish
4980.225,2,1025,job start
4981.834,3,1024,job finish
4981.834,4,1025,job start
4981.834,3,1025,job start
4983.052,1,1026,job finish
4983.052,1,1027,job start
4983.468,0,1030,job finish
4983.468,0,1031,job start
4984.886,3,1025,job finish
4985.088,4,1025,job finish
4985.088,4,1026,job start
4986.031,1,1027,job finish
4986.031,1,1028,job start
4988.902,0,1031,job finish
4988.902,0,1032,job start
4989.745,2,1025,job finish
4989.745,3,1026,job start
4989.745,2,1026,job start
4991.466,0,1032,job finish
4991.466,0,1033,job start
4991.816,1,1028,job finish
4991.816,1,1029,job start
4992.219,2,1026,job finish
4992.219,2,1027,job start
4993.292,3,1026,job finish
4993.292,3,1027,job start
4993.748,0,1033,job finish
4993.748,0,1034,job start
4994.558,2,1027,job finish
4994.558,2,1028,job start
4994.781,1,1029,job finish
4994.781,1,1030,job start
4996.735,0,1034,job finish
4996.735,0,1035,job start
4997.1,1,1030,job finish
4997.1,1,1031,job start
4999.237,4,1026,job finish
4999.237,4,1027,job start
4999.382,3,1027,job finish
4999.382,3,1028,job start
4999.973,2,1028,job finish
4999.973,2,1029,job start
4999.981,0,1035,job finish
4999.981,0,1036,job start
5001.588,1,1031,job finish
5001.588,1,1032,job start
5003.204,3,1028,job finish
5003.204,3,1029,job start
5003.378,4,1027,job finish
5003.378,4,1028,job start
5003.493,0,1036,job finish
5003.493,0,1037,job start
5003.922,1,1032,job finish
5003.922,1,1033,job start
5005.159,2,1029,job finish
5005.159,2,1030,job start
5006.043,4,1028,job finish
5006.043,4,1029,job start
5006.074,0,1037,job finish
5006.074,0,1038,job start
5006.816,1,1033,job finish
5006.816,1,1034,job start
5007.893,3,1029,job finish
5007.893,3,1030,job start
5008.149,4,1029,job finish
5008.149,4,1030,job start
5008.231,0,1038,job finish
5008.231,0,1039,job start
5009.362,2,1030,job finish
5009.362,2,1031,job start
5009.563,1,1034,job finish
5009.563,1,1035,job start
5010.942,0,1039,job finish
5010.942,0,1040,job start
5011.24,4,1030,job finish
5011.663,2,1031,job finish
5011.663,2,1032,job start
5012.748,3,1030,job finish
5012.748,4,1031,job start
5012.748,3,1031,job start
5014.746,2,1032,job finish
5014.746,2,1033,job start
5015.231,3,1031,job finish
5015.231,3,1032,job start
5015.262,1,1035,job finish
5015.262,1,1036,job start
5015.697,4,1031,job finish
5015.697,4,1032,job start
5016.804,2,1033,job finish
5016.804,2,1034,job start
5016.964,0,1040,job finish
5016.964,0,1041,job start
5018.386,4,1032,job finish
5018.487,1,1036,job finish
5018.487,1,1037,job start
5018.642,3,1032,job finish
5018.642,4,1033,job start
5018.642,3,1033,job start
5019.296,0,1041,job finish
5019.296,0,1042,job start
5021.767,4,1033,job finish
5021.902,1,1037,job finish
5021.902,1,1038,job start
5022.139,2,1034,job finish
5022.139,2,1035,job start
5022.853,3,1033,job finish
5022.853,4,1034,job start
5022.853,3,1034,job start
5024.5,2,1035,job finish
5024.5,2,1036,job start
5024.911,4,1034,job finish
5025.329,1,1038,job finish
5025.329,1,1039,job start
5026.909,3,1034,job finish
5026.909,4,1035,job start
5026.909,3,1035,job start
5026.958,2,1036,job finish
5026.958,2,1037,job start
5028.23,0,1042,job finish
5028.23,0,1043,job start
5029.68,2,1037,job finish
5029.68,2,1038,job start
5029.682,4,1035,job finish
5029.901,1,1039,job finish
5029.901,1,1040,job start
5031.032,0,1043,job finish
5031.032,0,1044,job start
5031.958,2,1038,job finish
5031.958,2,1039,job start
5033.436,1,1040,job finish
5033.436,1,1041,job start
5034.889,0,1044,job finish
5034.889,0,1045,job start
5035.739,2,1039,job finish
5035.739,2,1040,job start
5036.671,3,1035,job finish
5036.671,4,1036,job start
5036.671,3,1036,job start
5037.586,0,1045,job finish
5037.586,0,1046,job start
5037.88,2,1040,job finish
5037.88,2,1041,job start
5038.956,1,1041,job finish
5038.956,1,1042,job start
5039.063,4,1036,job finish
5040.16,0,1046,job finish
5040.16,0,1047,job start
5040.679,2,1041,job finish
5041.012,3,1036,job finish
5041.012,4,1037,job start
5041.012,3,1037,job start
5041.012,2,1042,job start
5043.49,2,1042,job finish
5044.098,3,1037,job finish
5044.098,3,1038,job start
5044.336,4,1037,job finish
5044.336,4,1038,job start
5044.622,0,1047,job finish
5045.187,1,1042,job finish
5045.187,2,1043,job start
5045.187,1,1043,job start
5045.187,0,1048,job start
5046.635,3,1038,job finish
5046.635,3,1039,job start
5046.974,4,1038,job finish
5046.974,4,1039,job start
5047.894,0,1048,job finish
5049.909,3,1039,job finish
5049.909,3,1040,job start
5050.126,1,1043,job finish
5050.126,1,1044,job start
5050.126,0,1049,job start
5050.268,2,1043,job finish
5050.268,2,1044,job start
5052.488,1,1044,job finish
5052.488,1,1045,job start
5053.085,0,1049,job finish
5053.085,0,1050,job start
5054.361,2,1044,job finish
5054.361,2,1045,job start
5054.423,4,1039,job finish
5054.423,4,1040,job start
5054.91,3,1040,job finish
5054.91,3,1041,job start
5055.252,1,1045,job finish
5055.252,1,1046,job start
5056.222,0,1050,job finish
5056.222,0,1051,job start
5057.748,3,1041,job finish
5057.748,3,1042,job start
5057.787,1,1046,job finish
5057.787,1,1047,job start
5058.112,2,1045,job finish
5058.112,2,1046,job start
5058.859,4,1040,job finish
5058.859,4,1041,job start
5060.017,0,1051,job finish
5060.017,0,1052,job start
5060.933,2,1046,job finish
5060.933,2,1047,job start
5062.118,1,1047,job finish
5062.118,1,1048,job start
5062.243,4,1041,job finish
5062.243,4,1042,job start
5062.463,0,1052,job finish
5062.463,0,1053,job start
5063.063,3,1042,job finish
5063.063,3,1043,job start
5064.513,4,1042,job finish
5064.513,4,1043,job start
5064.533,0,1053,job finish
5065.909,3,1043,job finish
5065.909,3,1044,job start
5066.572,4,1043,job finish
5066.572,4,1044,job start
5066.947,2,1047,job finish
5066.947,2,1048,job start
5069.008,4,1044,job finish
5069.173,1,1048,job finish
5069.173,1,1049,job start
5069.173,0,1054,job start
5069.287,2,1048,job finish
5069.287,2,1049,job start
5071.926,2,1049,job finish
5072.008,1,1049,job finish
5072.008,1,1050,job start
5072.096,0,1054,job finish
5072.096,0,1055,job start
5073.618,3,1044,job finish
5073.618,4,1045,job start
5073.618,3,1045,job start
5073.618,2,1050,job start
5074.771,0,1055,job finish
5075.21,1,1050,job finish
5075.21,1,1051,job start
5075.21,0,1056,job start
5076.052,4,1045,job finish
5076.897,3,1045,job finish
5076.897,4,1046,job start
5076.897,3,1046,job start
5077.392,0,1056,job finish
5078.048,2,1050,job finish
5078.048,2,1051,job start
5079.715,3,1046,job finish
5079.715,3,1047,job start
5081.066,1,1051,job finish
5081.066,1,1052,job start
5081.066,0,1057,job start
5081.345,2,1051,job finish
5081.345,2,1052,job start
5083.36,1,1052,job finish
5083.36,1,1053,job start
5083.376,0,1057,job finish
5083.376,0,1058,job start
5083.934,2,1052,job finish
5084.184,4,1046,job finish
5084.184,4,1047,job start
5085.549,0,1058,job finish
5085.633,1,1053,job finish
5085.633,1,1054,job start
5085.633,0,1059,job start
5086.969,3,1047,job finish
5086.969,3,1048,job start
5086.969,2,1053,job start
5088.45,4,1047,job finish
5088.45,4,1048,job start
5088.701,0,1059,job finish
5089.472,2,1053,job finish
5090.837,4,1048,job finish
5092.283,3,1048,job finish
5092.283,4,1049,job start
5092.283,3,1049,job start
5092.283,2,1054,job start
5093.962,1,1054,job finish
5093.962,1,1055,job start
5093.962,0,1060,job start
5095.232,3,1049,job finish
5095.232,3,1050,job start
5096.306,0,1060,job finish
5096.807,1,1055,job finish
5096.807,1,1056,job start
5096.807,0,1061,job start
5098.837,3,1050,job finish
5098.837,3,1051,job start
5099.293,1,1056,job finish
5099.293,1,1057,job start
5099.677,4,1049,job finish
5099.677,4,1050,job start
5100.336,0,1061,job finish
5100.336,0,1062,job start
5101.717,1,1057,job finish
5101.717,1,1058,job start
5101.821,2,1054,job finish
5101.821,2,1055,job start
5102.27,3,1051,job finish
5102.27,3,1052,job start
5104.446,4,1050,job finish
5104.446,4,1051,job start
5104.576,0,1062,job finish
5104.576,0,1063,job start
5105.729,3,1052,job finish
5105.729,3,1053,job start
5106.052,1,1058,job finish
5106.052,1,1059,job start
5106.343,2,1055,job finish
5106.343,2,1056,job start
5106.701,4,1051,job finish
5106.701,4,1052,job start
5108.148,0,1063,job finish
5108.148,0,1064,job start
5108.779,1,1059,job finish
5108.779,1,1060,job start
5108.877,3,1053,job finish
5108.877,3,1054,job start
5109.188,2,1056,job finish
5109.188,2,1057,job start
5109.374,4,1052,job finish
5109.374,4,1053,job start
5111.482,0,1064,job finish
5111.482,0,1065,job start
5111.609,2,1057,job finish
5111.609,2,1058,job start
5111.865,4,1053,job finish
5111.865,4,1054,job start
5113.314,1,1060,job finish
5113.314,1,1061,job start
5113.363,3,1054,job finish
5113.363,3,1055,job start
5113.977,4,1054,job finish
5113.977,4,1055,job start
5114.449,2,1058,job finish
5114.449,2,1059,job start
5115.776,1,1061,job finish
5115.776,1,1062,job start
5116.263,0,1065,job finish
5116.263,0,1066,job start
5116.45,3,1055,job finish
5116.45,3,1056,job start
5116.745,2,1059,job finish
5116.745,2,1060,job start
5118.412,0,1066,job finish
5118.412,0,1067,job start
5118.666,1,1062,job finish
5118.666,1,1063,job start
5118.936,2,1060,job finish
5118.936,2,1061,job start
5119.31,4,1055,job finish
5119.31,4,1056,job start
5119.598,3,1056,job finish
5119.598,3,1057,job start
5121.068,2,1061,job finish
5121.068,2,1062,job start
5122.137,0,1067,job finish
5122.137,0,1068,job start
5122.804,3,1057,job finish
5122.804,3,1058,job start
5124.433,2,1062,job finish
5124.433,2,1063,job start
5125.649,0,1068,job finish
5126.994,1,1063,job finish
5126.994,1,1064,job start
5126.994,0,1069,job start
5127.6,2,1063,job finish
5128.42,3,1058,job finish
5128.42,3,1059,job start
5128.42,2,1064,job start
5128.633,4,1056,job finish
5128.633,4,1057,job start
5130.652,1,1064,job finish
5130.652,1,1065,job start
5131.337,0,1069,job finish
5131.337,0,1070,job start
5133.564,1,1065,job finish
5133.564,1,1066,job start
5134.388,0,1070,job finish
5134.388,0,1071,job start
5134.671,2,1064,job finish
5135.107,4,1057,job finish
5135.107,4,1058,job start
5136.069,1,1066,job finish
5136.069,1,1067,job start
5137.071,0,1071,job finish
5137.071,0,1072,job start
5137.274,4,1058,job finish
5137.274,4,1059,job start
5138.642,3,1059,job finish
5138.642,3,1060,job start
5138.642,2,1065,job start
5139.152,1,1067,job finish
5139.152,1,1068,job start
5140.833,4,1059,job finish
5140.833,4,1060,job start
5140.98,0,1072,job finish
5140.98,0,1073,job start
5141.403,2,1065,job finish
5142.577,3,1060,job finish
5142.577,3,1061,job start
5142.577,2,1066,job start
5142.632,1,1068,job finish
5142.632,1,1069,job start
5142.867,4,1060,job finish
5142.867,4,1061,job start
5145.248,4,1061,job finish
5146.065,2,1066,job finish
5147.028,3,1061,job finish
5147.028,4,1062,job start
5147.028,3,1062,job start
5147.028,2,1067,job start
5147.761,1,1069,job finish
5147.761,1,1070,job start
5149.295,4,1062,job finish
5150.964,3,1062,job finish
5150.964,4,1063,job start
5150.964,3,1063,job start
5152.538,2,1067,job finish
5152.538,2,1068,job start
5153.785,0,1073,job finish
5153.785,0,1074,job start
5154.066,4,1063,job finish
5154.391,1,1070,job finish
5154.391,1,1071,job start
5154.555,2,1068,job finish
5154.812,3,1063,job finish
5154.812,4,1064,job start
5154.812,3,1064,job start
5154.812,2,1069,job start
5156.934,4,1064,job finish
5158.355,1,1071,job finish
5158.355,1,1072,job start
5159.044,2,1069,job finish
5159.227,3,1064,job finish
5159.227,4,1065,job start
5159.227,3,1065,job start
5159.227,2,1070,job start
5161.274,2,1070,job finish
5162.562,3,1065,job finish
5162.562,3,1066,job start
5162.562,2,1071,job start
5164.234,0,1074,job finish
5164.234,0,1075,job start
5164.708,1,1072,job finish
5164.708,1,1073,job start
5166.219,2,1071,job finish
5166.579,4,1065,job finish
5166.579,4,1066,job start
5167.172,0,1075,job finish
5167.172,0,1076,job start
5167.79,1,1073,job finish
5167.79,1,1074,job start
5168.815,4,1066,job finish
5170.814,3,1066,job finish
5170.814,4,1067,job start
5170.814,3,1067,job start
5170.814,2,1072,job start
5171.49,1,1074,job finish
5171.49,1,1075,job start
5171.529,0,1076,job finish
5171.529,0,1077,job start
5174.426,0,1077,job finish
5174.426,0,1078,job start
5174.657,2,1072,job finish
5174.812,3,1067,job finish
5174.812,3,1068,job start
5174.812,2,1073,job start
5175.325,4,1067,job finish
5175.325,4,1068,job start
5175.928,1,1075,job finish
5175.928,1,1076,job start
5177.677,3,1068,job finish
5177.677,3,1069,job start
5179.688,4,1068,job finish
5179.688,4,1069,job start
5179.754,1,1076,job finish
5179.754,1,1077,job start
5180.122,2,1073,job finish
5180.122,2,1074,job start
5180.566,3,1069,job finish
5180.566,3,1070,job start
5180.644,0,1078,job finish
5180.644,0,1079,job start
5182.958,4,1069,job finish
5182.958,4,1070,job start
5183.679,2,1074,job finish
5183.679,2,1075,job start
5185.105,4,1070,job finish
5185.196,0,1079,job finish
5185.196,0,1080,job start
5186.964,1,1077,job finish
5186.964,1,1078,job start
5189.092,0,1080,job finish
5189.092,0,1081,job start
5189.706,2,1075,job finish
5190.504,1,1078,job finish
5190.504,1,1079,job start
5192.031,0,1081,job finish
5192.031,0,1082,job start
5194.175,0,1082,job finish
5194.175,0,1083,job start
5194.339,1,1079,job finish
5194.339,1,1080,job start
5196.471,3,1070,job finish
5196.471,4,1071,job start
5196.471,3,1071,job start
5196.471,2,1076,job start
5196.804,1,1080,job finish
5196.804,1,1081,job start
5200.2,4,1071,job finish
5200.665,2,1076,job finish
5202.41,1,1081,job finish
5203.185,3,1071,job finish
5203.185,4,1072,job start
5203.185,3,1072,job start
5203.185,2,1077,job start
5203.185,1,1082,job start
5204.377,0,1083,job finish
5204.377,0,1084,job start
5205.363,2,1077,job finish
5205.625,1,1082,job finish
5205.838,3,1072,job finish
5205.838,3,1073,job start
5205.838,2,1078,job start
5205.838,1,1083,job start
5208.219,2,1078,job finish
5208.537,1,1083,job finish
5209.069,4,1072,job finish
5209.069,4,1073,job start
5209.251,3,1073,job finish
5209.251,3,1074,job start
5209.251,2,1079,job start
5209.251,1,1084,job start
5209.46,0,1084,job finish
5209.46,0,1085,job start
5211.495,4,1073,job finish
5211.495,4,1074,job start
5211.681,1,1084,job finish
5212.49,2,1079,job finish
5213.545,4,1074,job finish
5213.813,3,1074,job finish
5213.813,4,1075,job start
5213.813,3,1075,job start
5213.813,2,1080,job start
5213.813,1,1085,job start
5216.797,1,1085,job finish
5217.024,2,1080,job finish
5217.081,3,1075,job finish
5217.081,3,1076,job start
5217.081,2,1081,job start
5217.508,4,1075,job finish
5217.508,4,1076,job start
5217.613,0,1085,job finish
5217.613,1,1086,job start
5217.613,0,1086,job start
5219.42,2,1081,job finish
5219.754,4,1076,job finish
5220.21,1,1086,job finish
5222.838,0,1086,job finish
5222.838,0,1087,job start
5226.95,3,1076,job finish
5226.95,4,1077,job start
5226.95,3,1077,job start
5226.95,2,1082,job start
5226.95,1,1087,job start
5229.161,4,1077,job finish
5229.777,2,1082,job finish
5229.922,3,1077,job finish
5229.922,4,1078,job start
5229.922,3,1078,job start
5229.922,2,1083,job start
5231.178,0,1087,job finish
5231.178,0,1088,job start
5232.656,2,1083,job finish
5232.83,3,1078,job finish
5232.83,3,1079,job start
5232.83,2,1084,job start
5234.28,4,1078,job finish
5234.28,4,1079,job start
5235.477,1,1087,job finish
5235.477,1,1088,job start
5235.667,0,1088,job finish
5235.667,0,1089,job start
5236.662,2,1084,job finish
5237.84,3,1079,job finish
5237.84,3,1080,job start
5237.84,2,1085,job start
5238.233,4,1079,job finish
5238.233,4,1080,job start
5239.648,0,1089,job finish
5239.648,0,1090,job start
5241.539,2,1085,job finish
5241.591,3,1080,job finish
5241.591,3,1081,job start
5241.591,2,1086,job start
5242.044,1,1088,job finish
5242.044,1,1089,job start
5242.255,0,1090,job finish
5242.255,0,1091,job start
5242.962,4,1080,job finish
5242.962,4,1081,job start
5244.42,2,1086,job finish
5244.505,0,1091,job finish
5244.505,0,1092,job start
5244.99,3,1081,job finish
5244.99,3,1082,job start
5244.99,2,1087,job start
5246.324,1,1089,job finish
5246.324,1,1090,job start
5246.534,0,1092,job finish
5246.534,0,1093,job start
5249.363,1,1090,job finish
5249.363,1,1091,job start
5249.958,0,1093,job finish
5249.958,0,1094,job start
5250.188,4,1081,job finish
5250.188,4,1082,job start
5250.429,2,1087,job finish
5252.207,3,1082,job finish
5252.207,3,1083,job start
5252.207,2,1088,job start
5252.423,4,1082,job finish
5252.423,4,1083,job start
5253.061,0,1094,job finish
5253.061,0,1095,job start
5254.0,1,1091,job finish
5254.0,1,1092,job start
5254.428,4,1083,job finish
5255.337,3,1083,job finish
5255.337,4,1084,job start
5255.337,3,1084,job start
5257.504,1,1092,job finish
5257.504,1,1093,job start
5257.882,0,1095,job finish
5257.882,0,1096,job start
5258.217,2,1088,job finish
5258.217,2,1089,job start
5258.616,4,1084,job finish
5259.911,3,1084,job finish
5259.911,4,1085,job start
5259.911,3,1085,job start
5260.262,1,1093,job finish
5260.262,1,1094,job start
5262.018,4,1085,job finish
5262.435,3,1085,job finish
5262.435,4,1086,job start
5262.435,3,1086,job start
5264.477,4,1086,job finish
5265.484,0,1096,job finish
5265.484,0,1097,job start
5266.433,2,1089,job finish
5266.433,2,1090,job start
5269.416,0,1097,job finish
5269.416,0,1098,job start
5269.478,3,1086,job finish
5269.478,4,1087,job start
5269.478,3,1087,job start
5272.482,0,1098,job finish
5272.482,0,1099,job start
5272.84,3,1087,job finish
5272.84,3,1088,job start
5273.215,2,1090,job finish
5273.215,2,1091,job start
5274.924,0,1099,job finish
5275.166,4,1087,job finish
5275.166,4,1088,job start
5275.331,1,1094,job finish
5275.331,1,1095,job start
5275.331,0,1100,job start
5276.749,3,1088,job finish
5276.749,3,1089,job start
5277.157,2,1091,job finish
5277.157,2,1092,job start
5277.766,0,1100,job finish
5278.54,4,1088,job finish
5278.54,4,1089,job start
5280.246,3,1089,job finish
5280.246,3,1090,job start
5283.004,3,1090,job finish
5283.004,3,1091,job start
5283.634,2,1092,job finish
5283.634,2,1093,job start
5283.868,1,1095,job finish
5283.868,1,1096,job start
5283.868,0,1101,job start
5285.731,4,1089,job finish
5285.731,4,1090,job start
5285.768,3,1091,job finish
5285.768,3,1092,job start
5286.678,1,1096,job finish
5286.678,1,1097,job start
5287.193,2,1093,job finish
5287.193,2,1094,job start
5288.377,0,1101,job finish
5288.377,0,1102,job start
5290.673,4,1090,job finish
5290.673,4,1091,job start
5291.394,3,1092,job finish
5291.394,3,1093,job start
5291.945,1,1097,job finish
5291.945,1,1098,job start
5293.094,4,1091,job finish
5293.094,4,1092,job start
5293.26,0,1102,job finish
5293.26,0,1103,job start
5294.127,2,1094,job finish
5294.127,2,1095,job start
5294.186,3,1093,job finish
5294.186,3,1094,job start
5296.736,4,1092,job finish
5296.736,4,1093,job start
5297.498,0,1103,job finish
5297.517,2,1095,job finish
5297.517,2,1096,job start
5297.771,3,1094,job finish
5297.771,3,1095,job start
5298.96,4,1093,job finish
5298.96,4,1094,job start
5299.65,2,1096,job finish
5299.65,2,1097,job start
5303.353,4,1094,job finish
5303.353,4,1095,job start
5303.605,1,1098,job finish
5303.605,1,1099,job start
5303.605,0,1104,job start
5304.22,3,1095,job finish
5304.22,3,1096,job start
5306.723,1,1099,job finish
5306.723,1,1100,job start
5306.989,3,1096,job finish
5306.989,3,1097,job start
5308.777,4,1095,job finish
5308.777,4,1096,job start
5309.057,1,1100,job finish
5309.057,1,1101,job start
5310.857,0,1104,job finish
5310.857,0,1105,job start
5310.914,4,1096,job finish
5310.914,4,1097,job start
5310.925,2,1097,job finish
5310.925,2,1098,job start
5313.029,2,1098,job finish
5313.029,2,1099,job start
5313.13,4,1097,job finish
5313.148,0,1105,job finish
5313.148,0,1106,job start
5315.574,0,1106,job finish
5316.599,2,1099,job finish
5316.599,2,1100,job start
5317.162,3,1097,job finish
5317.162,4,1098,job start
5317.162,3,1098,job start
5318.211,1,1101,job finish
5318.211,1,1102,job start
5318.211,0,1107,job start
5319.361,4,1098,job finish
5320.181,3,1098,job finish
5320.181,4,1099,job start
5320.181,3,1099,job start
5320.513,2,1100,job finish
5320.513,2,1101,job start
5320.935,1,1102,job finish
5320.935,1,1103,job start
5321.817,0,1107,job finish
5321.817,0,1108,job start
5323.838,4,1099,job finish
5324.012,2,1101,job finish
5324.012,2,1102,job start
5324.814,0,1108,job finish
5325.964,3,1099,job finish
5325.964,4,1100,job start
5325.964,3,1100,job start
5326.313,1,1103,job finish
5326.313,1,1104,job start
5326.313,0,1109,job start
5328.459,3,1100,job finish
5328.459,3,1101,job start
5328.789,4,1100,job finish
5328.789,4,1101,job start
5328.789,0,1109,job finish
5330.724,2,1102,job finish
5330.724,2,1103,job start
5331.351,3,1101,job finish
5331.351,3,1102,job start
5331.775,4,1101,job finish
5331.775,4,1102,job start
5333.187,2,1103,job finish
5333.187,2,1104,job start
5333.698,1,1104,job finish
5333.698,1,1105,job start
5333.698,0,1110,job start
5336.474,0,1110,job finish
5336.771,1,1105,job finish
5336.771,1,1106,job start
5336.771,0,1111,job start
5337.287,2,1104,job finish
5337.287,2,1105,job start
5338.827,3,1102,job finish
5338.827,3,1103,job start
5338.953,4,1102,job finish
5338.953,4,1103,job start
5339.057,0,1111,job finish
5340.38,2,1105,job finish
5340.38,2,1106,job start
5341.225,4,1103,job finish
5343.273,2,1106,job finish
5347.271,3,1103,job finish
5347.271,4,1104,job start
5347.271,3,1104,job start
5347.59,1,1106,job finish
5347.59,2,1107,job start
5347.59,1,1107,job start
5347.59,0,1112,job start
5350.095,4,1104,job finish
5351.152,3,1104,job finish
5351.152,4,1105,job start
5351.152,3,1105,job start
5351.404,2,1107,job finish
5351.51,1,1107,job finish
5351.51,2,1108,job start
5351.51,1,1108,job start
5352.07,0,1112,job finish
5352.07,0,1113,job start
5353.58,4,1105,job finish
5354.017,1,1108,job finish
5354.017,1,1109,job start
5355.469,2,1108,job finish
5355.469,2,1109,job start
5357.418,3,1105,job finish
5357.418,4,1106,job start
5357.418,3,1106,job start
5358.737,2,1109,job finish
5359.544,4,1106,job finish
5359.684,0,1113,job finish
5359.684,0,1114,job start
5360.526,1,1109,job finish
5360.526,2,1110,job start
5360.526,1,1110,job start
5360.792,3,1106,job finish
5360.792,4,1107,job start
5360.792,3,1107,job start
5362.971,1,1110,job finish
5362.971,1,1111,job start
5363.386,4,1107,job finish
5363.391,2,1110,job finish
5363.391,2,1111,job start
5364.909,0,1114,job finish
5364.909,0,1115,job start
5366.197,1,1111,job finish
5366.197,1,1112,job start
5366.867,2,1111,job finish
5366.867,2,1112,job start
5367.459,3,1107,job finish
5367.459,4,1108,job start
5367.459,3,1108,job start
5367.579,0,1115,job finish
5367.579,0,1116,job start
5369.679,4,1108,job finish
5370.691,1,1112,job finish
5370.691,1,1113,job start
5370.821,2,1112,job finish
5370.821,2,1113,job start
5371.11,0,1116,job finish
5371.11,0,1117,job start
5371.7,3,1108,job finish
5371.7,4,1109,job start
5371.7,3,1109,job start
5373.413,0,1117,job finish
5373.413,0,1118,job start
5374.377,4,1109,job finish
5375.18,2,1113,job finish
5375.546,1,1113,job finish
5375.546,2,1114,job start
5375.546,1,1114,job start
5375.95,3,1109,job finish
5375.95,4,1110,job start
5375.95,3,1110,job start
5377.071,0,1118,job finish
5377.071,0,1119,job start
5378.158,2,1114,job finish
5378.569,3,1110,job finish
5378.569,3,1111,job start
5383.709,0,1119,job finish
5384.674,1,1114,job finish
5384.674,2,1115,job start
5384.674,1,1115,job start
5384.674,0,1120,job start
5385.069,4,1110,job finish
5385.069,4,1111,job start
5386.226,3,1111,job finish
5386.226,3,1112,job start
5387.392,4,1111,job finish
5387.392,4,1112,job start
5387.403,2,1115,job finish
5387.624,0,1120,job finish
5389.337,1,1115,job finish
5389.337,2,1116,job start
5389.337,1,1116,job start
5389.337,0,1121,job start
5389.995,3,1112,job finish
5389.995,3,1113,job start
5392.302,2,1116,job finish
5392.353,0,1121,job finish
5392.399,3,1113,job finish
5392.399,3,1114,job start
5393.023,1,1116,job finish
5393.023,2,1117,job start
5393.023,1,1117,job start
5393.023,0,1122,job start
5397.487,4,1112,job finish
5397.487,4,1113,job start
5399.616,2,1117,job finish
5399.822,3,1114,job finish
5399.822,3,1115,job start
5400.128,4,1113,job finish
5400.128,4,1114,job start
5401.541,1,1117,job finish
5401.541,2,1118,job start
5401.541,1,1118,job start
5402.588,0,1122,job finish
5402.588,0,1123,job start
5403.002,3,1115,job finish
5403.002,3,1116,job start
5404.666,4,1114,job finish
5404.666,4,1115,job start
5405.58,0,1123,job finish
5406.322,1,1118,job finish
5406.322,1,1119,job start
5406.322,0,1124,job start
5407.141,3,1116,job finish
5407.141,3,1117,job start
5407.634,2,1118,job finish
5407.634,2,1119,job start
5408.588,1,1119,job finish
5408.588,1,1120,job start
5408.891,0,1124,job finish
5408.891,0,1125,job start
5408.922,4,1115,job finish
5408.922,4,1116,job start
5411.585,2,1119,job finish
5411.585,2,1120,job start
5412.381,1,1120,job finish
5412.381,1,1121,job start
5413.386,0,1125,job finish
5413.386,0,1126,job start
5414.175,4,1116,job finish
5414.175,4,1117,job start
5415.97,3,1117,job finish
5415.97,3,1118,job start
5416.681,1,1121,job finish
5416.681,1,1122,job start
5416.871,0,1126,job finish
5416.871,0,1127,job start
5418.192,4,1117,job finish
5418.192,4,1118,job start
5418.732,2,1120,job finish
5418.732,2,1121,job start
5419.193,1,1122,job finish
5419.193,1,1123,job start
5420.933,4,1118,job finish
5421.019,3,1118,job finish
5421.019,4,1119,job start
5421.019,3,1119,job start
5421.274,2,1121,job finish
5421.274,2,1122,job start
5421.53,0,1127,job finish
5421.53,0,1128,job start
5422.95,1,1123,job finish
5422.95,1,1124,job start
5423.318,4,1119,job finish
5423.886,2,1122,job finish
5423.886,2,1123,job start
5425.776,0,1128,job finish
5425.776,0,1129,job start
5426.529,2,1123,job finish
5426.529,2,1124,job start
5428.444,0,1129,job finish
5428.498,1,1124,job finish
5428.498,1,1125,job start
5428.498,0,1130,job start
5430.3,3,1119,job finish
5430.3,4,1120,job start
5430.3,3,1120,job start
5430.964,1,1125,job finish
5430.964,1,1126,job start
5431.599,2,1124,job finish
5431.599,2,1125,job start
5431.69,0,1130,job finish
5431.69,0,1131,job start
5434.558,3,1120,job finish
5434.558,3,1121,job start
5435.239,2,1125,job finish
5435.239,2,1126,job start
5435.349,1,1126,job finish
5435.349,1,1127,job start
5435.421,4,1120,job finish
5435.421,4,1121,job start
5436.861,3,1121,job finish
5436.861,3,1122,job start
5437.396,2,1126,job finish
5437.396,2,1127,job start
5439.705,2,1127,job finish
5440.006,1,1127,job finish
5440.006,1,1128,job start
5440.323,4,1121,job finish
5440.323,4,1122,job start
5442.951,0,1131,job finish
5442.951,0,1132,job start
5443.57,1,1128,job finish
5443.57,1,1129,job start
5443.947,4,1122,job finish
5445.22,3,1122,job finish
5445.22,4,1123,job start
5445.22,3,1123,job start
5445.22,2,1128,job start
5445.31,0,1132,job finish
5445.31,0,1133,job start
5447.806,1,1129,job finish
5447.806,1,1130,job start
5448.255,2,1128,job finish
5449.495,0,1133,job finish
5449.495,0,1134,job start
5452.379,3,1123,job finish
5452.379,3,1124,job start
5452.379,2,1129,job start
5452.474,0,1134,job finish
5452.474,0,1135,job start
5454.069,4,1123,job finish
5454.069,4,1124,job start
5454.923,1,1130,job finish
5454.923,1,1131,job start
5455.545,3,1124,job finish
5455.545,3,1125,job start
5456.458,0,1135,job finish
5456.458,0,1136,job start
5457.027,2,1129,job finish
5457.027,2,1130,job start
5458.929,3,1125,job finish
5458.929,3,1126,job start
5459.717,2,1130,job finish
5459.717,2,1131,job start
5460.017,4,1124,job finish
5460.017,4,1125,job start
5460.103,1,1131,job finish
5460.103,1,1132,job start
5461.209,3,1126,job finish
5461.209,3,1127,job start
5463.03,4,1125,job finish
5463.03,4,1126,job start
5463.243,0,1136,job finish
5463.243,0,1137,job start
5464.444,2,1131,job finish
5464.444,2,1132,job start
5465.124,1,1132,job finish
5465.124,1,1133,job start
5465.25,4,1126,job finish
5465.25,4,1127,job start
5466.631,0,1137,job finish
5466.631,0,1138,job start
5467.184,3,1127,job finish
5467.184,3,1128,job start
5468.35,4,1127,job finish
5468.35,4,1128,job start
5468.672,2,1132,job finish
5468.672,2,1133,job start
5468.976,1,1133,job finish
5468.976,1,1134,job start
5470.288,0,1138,job finish
5470.288,0,1139,job start
5471.039,2,1133,job finish
5471.864,4,1128,job finish
5472.207,1,1134,job finish
5472.207,1,1135,job start
5474.983,1,1135,job finish
5474.983,1,1136,job start
5475.231,0,1139,job finish
5475.231,0,1140,job start
5477.339,1,1136,job finish
5477.339,1,1137,job start
5478.896,0,1140,job finish
5478.896,0,1141,job start
5479.685,3,1128,job finish
5479.685,4,1129,job start
5479.685,3,1129,job start
5479.685,2,1134,job start
5480.458,1,1137,job finish
5480.458,1,1138,job start
5482.751,1,1138,job finish
5482.751,1,1139,job start
5482.78,2,1134,job finish
5482.88,3,1129,job finish
5482.88,3,1130,job start
5482.88,2,1135,job start
5483.783,0,1141,job finish
5483.783,0,1142,job start
5483.888,4,1129,job finish
5483.888,4,1130,job start
5485.879,0,1142,job finish
5485.879,0,1143,job start
5485.935,1,1139,job finish
5485.935,1,1140,job start
5486.63,2,1135,job finish
5486.87,3,1130,job finish
5486.87,3,1131,job start
5486.87,2,1136,job start
5488.519,1,1140,job finish
5488.519,1,1141,job start
5489.454,4,1130,job finish
5489.454,4,1131,job start
5490.851,2,1136,job finish
5493.398,1,1141,job finish
5493.616,0,1143,job finish
5493.616,0,1144,job start
5495.617,3,1131,job finish
5495.617,3,1132,job start
5495.617,2,1137,job start
5495.617,1,1142,job start
5495.632,4,1131,job finish
5495.632,4,1132,job start
5497.768,2,1137,job finish
5498.339,1,1142,job finish
5498.382,0,1144,job finish
5498.382,0,1145,job start
5501.092,3,1132,job finish
5501.092,3,1133,job start
5501.092,2,1138,job start
5501.092,1,1143,job start
5501.396,4,1132,job finish
5501.396,4,1133,job start
5503.407,3,1133,job finish
5503.407,3,1134,job start
5504.267,0,1145,job finish
5504.267,0,1146,job start
5506.612,2,1138,job finish
5506.612,2,1139,job start
5506.882,4,1133,job finish
5506.882,4,1134,job start
5506.937,0,1146,job finish
5506.937,0,1147,job start
5509.132,0,1147,job finish
5509.132,0,1148,job start
5510.033,2,1139,job finish
5512.123,1,1143,job finish
5512.123,1,1144,job start
5512.243,0,1148,job finish
5512.243,0,1149,job start
5512.262,3,1134,job finish
5512.262,3,1135,job start
5512.262,2,1140,job start
5513.113,4,1134,job finish
5513.113,4,1135,job start
5514.652,1,1144,job finish
5514.652,1,1145,job start
5515.179,4,1135,job finish
5515.714,3,1135,job finish
5515.714,4,1136,job start
5515.714,3,1136,job start
5516.497,2,1140,job finish
5516.497,2,1141,job start
5517.561,1,1145,job finish
5517.561,1,1146,job start
5518.818,4,1136,job finish
5521.681,1,1146,job finish
5522.132,2,1141,job finish
5522.31,3,1136,job finish
5522.31,4,1137,job start
5522.31,3,1137,job start
5522.31,2,1142,job start
5522.31,1,1147,job start
5522.778,0,1149,job finish
5522.778,0,1150,job start
5525.107,0,1150,job finish
5525.107,0,1151,job start
5525.403,2,1142,job finish
5526.412,4,1137,job finish
5527.512,0,1151,job finish
5527.512,0,1152,job start
5529.718,3,1137,job finish
5529.718,4,1138,job start
5529.718,3,1138,job start
5529.718,2,1143,job start
5531.862,1,1147,job finish
5531.862,1,1148,job start
5532.046,4,1138,job finish
5532.156,3,1138,job finish
5532.156,4,1139,job start
5532.156,3,1139,job start
5532.903,0,1152,job finish
5532.903,0,1153,job start
5533.006,2,1143,job finish
5533.006,2,1144,job start
5534.42,1,1148,job finish
5534.42,1,1149,job start
5535.661,3,1139,job finish
5535.661,3,1140,job start
5535.757,2,1144,job finish
5535.757,2,1145,job start
5536.201,4,1139,job finish
5536.201,4,1140,job start
5536.928,0,1153,job finish
5536.928,0,1154,job start
5539.026,0,1154,job finish
5539.752,1,1149,job finish
5539.752,1,1150,job start
5539.752,0,1155,job start
5540.579,3,1140,job finish
5540.579,3,1141,job start
5541.362,4,1140,job finish
5541.362,4,1141,job start
5541.808,2,1145,job finish
5541.808,2,1146,job start
5542.126,1,1150,job finish
5542.126,1,1151,job start
5544.543,2,1146,job finish
5545.381,0,1155,job finish
5545.381,0,1156,job start
5545.608,3,1141,job finish
5545.608,3,1142,job start
5545.608,2,1147,job start
5545.734,4,1141,job finish
5545.734,4,1142,job start
5545.754,1,1151,job finish
5545.754,1,1152,job start
5548.114,4,1142,job finish
5548.951,2,1147,job finish
5550.336,1,1152,job finish
5552.321,3,1142,job finish
5552.321,4,1143,job start
5552.321,3,1143,job start
5552.321,2,1148,job start
5552.321,1,1153,job start
5553.94,0,1156,job finish
5553.94,0,1157,job start
5554.507,4,1143,job finish
5555.265,2,1148,job finish
5555.722,1,1153,job finish
5556.801,3,1143,job finish
5556.801,4,1144,job start
5556.801,3,1144,job start
5556.801,2,1149,job start
5556.801,1,1154,job start
5556.815,0,1157,job finish
5556.815,0,1158,job start
5559.417,2,1149,job finish
5559.778,4,1144,job finish
5560.217,0,1158,job finish
5560.217,0,1159,job start
5561.584,1,1154,job finish
5564.566,3,1144,job finish
5564.566,4,1145,job start
5564.566,3,1145,job start
5564.566,2,1150,job start
5564.566,1,1155,job start
5564.638,0,1159,job finish
5564.638,0,1160,job start
5567.552,1,1155,job finish
5568.527,0,1160,job finish
5568.538,4,1145,job finish
5569.615,2,1150,job finish
5570.84,3,1145,job finish
5570.84,4,1146,job start
5570.84,3,1146,job start
5570.84,2,1151,job start
5570.84,1,1156,job start
5570.84,0,1161,job start
5573.17,3,1146,job finish
5573.17,3,1147,job start
5573.215,1,1156,job finish
5573.222,2,1151,job finish
5573.222,2,1152,job start
5573.222,1,1157,job start
5576.055,4,1146,job finish
5576.055,4,1147,job start
5576.158,2,1152,job finish
5576.194,3,1147,job finish
5576.194,3,1148,job start
5576.194,2,1153,job start
5577.626,1,1157,job finish
5577.626,1,1158,job start
5578.983,4,1147,job finish
5578.983,4,1148,job start
5579.326,3,1148,job finish
5579.326,3,1149,job start
5580.106,1,1158,job finish
5581.973,4,1148,job finish
5581.973,4,1149,job start
5582.855,3,1149,job finish
5582.855,3,1150,job start
5584.169,2,1153,job finish
5584.169,2,1154,job start
5584.169,1,1159,job start
5585.687,4,1149,job finish
5585.687,4,1150,job start
5587.137,0,1161,job finish
5587.137,0,1162,job start
5587.687,4,1150,job finish
5588.045,2,1154,job finish
5588.045,2,1155,job start
5589.57,0,1162,job finish
5589.57,0,1163,job start
5591.067,2,1155,job finish
5591.361,1,1159,job finish
5591.361,1,1160,job start
5592.092,0,1163,job finish
5592.092,0,1164,job start
5592.18,3,1150,job finish
5592.18,4,1151,job start
5592.18,3,1151,job start
5592.18,2,1156,job start
5594.593,0,1164,job finish
5594.593,0,1165,job start
5595.259,2,1156,job finish
5596.203,4,1151,job finish
5596.631,1,1160,job finish
5596.631,1,1161,job start
5596.756,3,1151,job finish
5596.756,4,1152,job start
5596.756,3,1152,job start
5596.756,2,1157,job start
5599.08,2,1157,job finish
5599.178,3,1152,job finish
5599.178,3,1153,job start
5599.178,2,1158,job start
5599.764,4,1152,job finish
5599.764,4,1153,job start
5600.448,0,1165,job finish
5600.448,0,1166,job start
5601.032,1,1161,job finish
5601.032,1,1162,job start
5602.208,2,1158,job finish
5602.936,3,1153,job finish
5602.936,3,1154,job start
5602.936,2,1159,job start
5603.467,0,1166,job finish
5603.467,0,1167,job start
5604.286,1,1162,job finish
5604.286,1,1163,job start
5605.944,0,1167,job finish
5605.944,0,1168,job start
5606.37,2,1159,job finish
5607.651,3,1154,job finish
5607.651,3,1155,job start
5607.651,2,1160,job start
5608.172,4,1153,job finish
5608.172,4,1154,job start
5609.463,1,1163,job finish
5609.463,1,1164,job start
5609.583,0,1168,job finish
5609.583,0,1169,job start
5610.623,2,1160,job finish
5612.717,3,1155,job finish
5612.717,3,1156,job start
5612.717,2,1161,job start
5612.72,1,1164,job finish
5612.72,1,1165,job start
5613.38,4,1154,job finish
5613.38,4,1155,job start
5615.539,2,1161,job finish
5618.069,0,1169,job finish
5618.069,0,1170,job start
5618.399,4,1155,job finish
5618.399,4,1156,job start
5618.589,1,1165,job finish
5618.589,1,1166,job start
5618.997,3,1156,job finish
5618.997,3,1157,job start
5618.997,2,1162,job start
5621.225,4,1156,job finish
5621.225,4,1157,job start
5621.411,2,1162,job finish
5623.443,3,1157,job finish
5623.443,3,1158,job start
5623.443,2,1163,job start
5623.93,0,1170,job finish
5623.93,0,1171,job start
5625.067,1,1166,job finish
5625.067,1,1167,job start
5626.581,0,1171,job finish
5626.581,0,1172,job start
5627.37,2,1163,job finish
5627.486,4,1157,job finish
5627.486,4,1158,job start
5629.914,3,1158,job finish
5629.914,3,1159,job start
5629.914,2,1164,job start
5630.48,4,1158,job finish
5630.48,4,1159,job start
5632.568,0,1172,job finish
5632.777,2,1164,job finish
5632.883,4,1159,job finish
5635.898,1,1167,job finish
5635.898,1,1168,job start
5635.898,0,1173,job start
5637.963,0,1173,job finish
5638.367,3,1159,job finish
5638.367,4,1160,job start
5638.367,3,1160,job start
5638.367,2,1165,job start
5640.371,1,1168,job finish
5640.371,1,1169,job start
5640.371,0,1174,job start
5640.698,2,1165,job finish
5640.958,4,1160,job finish
5647.001,1,1169,job finish
5647.001,1,1170,job start
5650.789,1,1170,job finish
5652.823,0,1174,job finish
5652.823,0,1175,job start
5653.876,3,1160,job finish
5653.876,4,1161,job start
5653.876,3,1161,job start
5653.876,2,1166,job start
5653.876,1,1171,job start
5656.239,1,1171,job finish
5656.406,0,1175,job finish
5656.406,0,1176,job start
5657.047,3,1161,job finish
5657.047,3,1162,job start
5658.558,4,1161,job finish
5658.558,4,1162,job start
5658.829,0,1176,job finish
5660.137,2,1166,job finish
5660.137,2,1167,job start
5660.137,1,1172,job start
5660.137,0,1177,job start
5660.767,3,1162,job finish
5660.767,3,1163,job start
5662.342,0,1177,job finish
5662.416,2,1167,job finish
5662.416,2,1168,job start
5663.031,4,1162,job finish
5663.031,4,1163,job start
5666.28,1,1172,job finish
5666.28,1,1173,job start
5666.28,0,1178,job start
5666.314,2,1168,job finish
5667.241,3,1163,job finish
5667.241,3,1164,job start
5667.241,2,1169,job start
5667.404,4,1163,job finish
5667.404,4,1164,job start
5670.745,0,1178,job finish
5670.804,4,1164,job finish
5671.34,2,1169,job finish
5672.366,1,1173,job finish
5672.366,1,1174,job start
5672.366,0,1179,job start
5673.627,3,1164,job finish
5673.627,4,1165,job start
5673.627,3,1165,job start
5673.627,2,1170,job start
5674.963,1,1174,job finish
5674.963,1,1175,job start
5676.139,4,1165,job finish
5678.393,1,1175,job finish
5678.444,2,1170,job finish
5678.967,0,1179,job finish
5678.967,0,1180,job start
5680.635,3,1165,job finish
5680.635,4,1166,job start
5680.635,3,1166,job start
5680.635,2,1171,job start
5680.635,1,1176,job start
5682.382,0,1180,job finish
5682.382,0,1181,job start
5683.262,4,1166,job finish
5684.27,3,1166,job finish
5684.27,4,1167,job start
5684.27,3,1167,job start
5684.645,2,1171,job finish
5684.645,2,1172,job start
5685.316,1,1176,job finish
5685.316,1,1177,job start
5686.3,4,1167,job finish
5687.643,2,1172,job finish
5688.779,0,1181,job finish
5688.779,0,1182,job start
5689.202,1,1177,job finish
5691.144,3,1167,job finish
5691.144,4,1168,job start
5691.144,3,1168,job start
5691.144,2,1173,job start
5691.144,1,1178,job start
5692.1,0,1182,job finish
5692.1,0,1183,job start
5693.403,2,1173,job finish
5693.476,4,1168,job finish
5695.125,3,1168,job finish
5695.125,4,1169,job start
5695.125,3,1169,job start
5695.125,2,1174,job start
5696.34,1,1178,job finish
5696.34,1,1179,job start
5696.682,0,1183,job finish
5696.682,0,1184,job start
5697.133,2,1174,job finish
5698.461,3,1169,job finish
5698.461,3,1170,job start
5698.461,2,1175,job start
5699.039,4,1169,job finish
5699.039,4,1170,job start
5700.789,0,1184,job finish
5700.887,3,1170,job finish
5700.887,3,1171,job start
5701.226,1,1179,job finish
5701.226,1,1180,job start
5701.226,0,1185,job start
5702.703,2,1175,job finish
5702.703,2,1176,job start
5703.217,4,1170,job finish
5703.217,4,1171,job start
5704.193,0,1185,job finish
5704.379,1,1180,job finish
5704.379,1,1181,job start
5704.379,0,1186,job start
5705.211,3,1171,job finish
5705.211,3,1172,job start
5706.613,4,1171,job finish
5706.613,4,1172,job start
5707.334,2,1176,job finish
5707.334,2,1177,job start
5707.525,0,1186,job finish
5707.731,3,1172,job finish
5707.731,3,1173,job start
5710.063,1,1181,job finish
5710.063,1,1182,job start
5710.063,0,1187,job start
5710.487,3,1173,job finish
5710.487,3,1174,job start
5710.713,2,1177,job finish
5710.713,2,1178,job start
5712.743,0,1187,job finish
5713.723,4,1172,job finish
5713.723,4,1173,job start
5714.681,3,1174,job finish
5714.681,3,1175,job start
5714.753,2,1178,job finish
5714.753,2,1179,job start
5716.361,1,1182,job finish
5716.361,1,1183,job start
5716.361,0,1188,job start
5718.328,2,1179,job finish
5718.328,2,1180,job start
5718.92,3,1175,job finish
5718.92,3,1176,job start
5719.379,1,1183,job finish
5719.379,1,1184,job start
5720.206,0,1188,job finish
5720.206,0,1189,job start
5720.675,2,1180,job finish
5720.675,2,1181,job start
5721.625,4,1173,job finish
5721.625,4,1174,job start
5722.457,3,1176,job finish
5722.457,3,1177,job start
5722.689,0,1189,job finish
5723.201,2,1181,job finish
5723.201,2,1182,job start
5726.332,1,1184,job finish
5726.332,1,1185,job start
5726.332,0,1190,job start
5728.035,4,1174,job finish
5728.035,4,1175,job start
5728.78,1,1185,job finish
5728.78,1,1186,job start
5728.794,3,1177,job finish
5728.794,3,1178,job start
5729.743,2,1182,job finish
5729.743,2,1183,job start
5732.86,2,1183,job finish
5733.115,1,1186,job finish
5733.115,1,1187,job start
5733.358,0,1190,job finish
5733.358,0,1191,job start
5734.461,4,1175,job finish
5734.461,4,1176,job start
5736.877,1,1187,job finish
5736.877,1,1188,job start
5737.889,3,1178,job finish
5737.889,3,1179,job start
5737.889,2,1184,job start
5737.999,0,1191,job finish
5737.999,0,1192,job start
5738.038,4,1176,job finish
5738.038,4,1177,job start
5740.278,0,1192,job finish
5740.278,0,1193,job start
5740.993,4,1177,job finish
5740.993,4,1178,job start
5741.07,3,1179,job finish
5741.07,3,1180,job start
5742.561,1,1188,job finish
5742.561,1,1189,job start
5742.98,2,1184,job finish
5742.98,2,1185,job start
5743.04,0,1193,job finish
5743.04,0,1194,job start
5743.864,4,1178,job finish
5743.864,4,1179,job start
5743.918,3,1180,job finish
5743.918,3,1181,job start
5745.693,0,1194,job finish
5746.248,3,1181,job finish
5746.248,3,1182,job start
5747.023,4,1179,job finish
5747.023,4,1180,job start
5747.319,2,1185,job finish
5747.319,2,1186,job start
5748.704,3,1182,job finish
5748.704,3,1183,job start
5748.898,1,1189,job finish
5748.898,1,1190,job start
5748.898,0,1195,job start
5749.446,2,1186,job finish
5749.446,2,1187,job start
5749.667,4,1180,job finish
5749.667,4,1181,job start
5750.996,3,1183,job finish
5750.996,3,1184,job start
5751.587,1,1190,job finish
5751.587,1,1191,job start
5752.281,2,1187,job finish
5752.281,2,1188,job start
5752.298,0,1195,job finish
5752.298,0,1196,job start
5752.371,4,1181,job finish
5752.371,4,1182,job start
5753.431,3,1184,job finish
5753.431,3,1185,job start
5754.51,2,1188,job finish
5754.51,2,1189,job start
5755.018,4,1182,job finish
5755.018,4,1183,job start
5757.618,3,1185,job finish
5757.618,3,1186,job start
5757.781,1,1191,job finish
5757.781,1,1192,job start
5757.862,0,1196,job finish
5757.862,0,1197,job start
5760.212,0,1197,job finish
5761.688,2,1189,job finish
5761.688,2,1190,job start
5762.369,4,1183,job finish
5762.369,4,1184,job start
5765.107,2,1190,job finish
5765.107,2,1191,job start
5765.674,1,1192,job finish
5765.674,1,1193,job start
5765.674,0,1198,job start
5765.992,4,1184,job finish
5765.992,4,1185,job start
5766.568,3,1186,job finish
5766.568,3,1187,job start
5768.789,0,1198,job finish
5769.126,2,1191,job finish
5769.126,2,1192,job start
5770.437,3,1187,job finish
5770.437,3,1188,job start
5771.397,2,1192,job finish
5771.397,2,1193,job start
5772.003,4,1185,job finish
5772.003,4,1186,job start
5773.643,2,1193,job finish
5774.084,1,1193,job finish
5774.084,1,1194,job start
5774.084,0,1199,job start
5775.586,4,1186,job finish
5775.586,4,1187,job start
5775.845,3,1188,job finish
5775.845,3,1189,job start
5775.845,2,1194,job start
5778.569,4,1187,job finish
5778.569,4,1188,job start
5778.679,0,1199,job finish
5780.516,2,1194,job finish
5780.759,1,1194,job finish
5780.759,1,1195,job start
5780.759,0,1200,job start
5781.392,4,1188,job finish
5781.392,4,1189,job start
5782.824,0,1200,job finish
5783.359,3,1189,job finish
5783.359,3,1190,job start
5783.359,2,1195,job start
5784.573,4,1189,job finish
5784.573,4,1190,job start
5785.677,1,1195,job finish
5785.677,1,1196,job start
5785.677,0,1201,job start
5786.972,2,1195,job finish
5787.32,3,1190,job finish
5787.32,3,1191,job start
5787.32,2,1196,job start
5788.226,0,1201,job finish
5788.314,1,1196,job finish
5788.314,1,1197,job start
5788.314,0,1202,job start
5788.931,4,1190,job finish
5788.931,4,1191,job start
5789.676,2,1196,job finish
5791.033,0,1202,job finish
5791.18,3,1191,job finish
5791.18,3,1192,job start
5791.18,2,1197,job start
5791.274,1,1197,job finish
5791.274,1,1198,job start
5791.274,0,1203,job start
5793.156,4,1191,job finish
5793.156,4,1192,job start
5793.854,0,1203,job finish
5793.939,2,1197,job finish
5793.968,1,1198,job finish
5793.968,1,1199,job start
5793.968,0,1204,job start
5795.865,3,1192,job finish
5795.865,3,1193,job start
5795.865,2,1198,job start
5796.081,4,1192,job finish
5796.081,4,1193,job start
5796.193,0,1204,job finish
5798.225,3,1193,job finish
5798.225,3,1194,job start
5798.29,2,1198,job finish
5798.29,2,1199,job start
5799.153,4,1193,job finish
5799.153,4,1194,job start
5799.935,1,1199,job finish
5799.935,1,1200,job start
5799.935,0,1205,job start
5800.717,2,1199,job finish
5801.249,3,1194,job finish
5801.249,3,1195,job start
5801.249,2,1200,job start
5803.083,0,1205,job finish
5803.414,2,1200,job finish
5803.624,3,1195,job finish
5803.624,3,1196,job start
5805.354,4,1194,job finish
5805.354,4,1195,job start
5807.543,3,1196,job finish
5807.543,3,1197,job start
5808.08,4,1195,job finish
5808.08,4,1196,job start
5808.286,1,1200,job finish
5808.286,2,1201,job start
5808.286,1,1201,job start
5808.286,0,1206,job start
5811.2,4,1196,job finish
5811.2,4,1197,job start
5811.267,3,1197,job finish
5811.267,3,1198,job start
5812.116,0,1206,job finish
5814.541,1,1201,job finish
5814.541,1,1202,job start
5814.541,0,1207,job start
5814.605,4,1197,job finish
5814.605,4,1198,job start
5815.122,2,1201,job finish
5815.122,2,1202,job start
5816.079,3,1198,job finish
5816.079,3,1199,job start
5816.913,0,1207,job finish
5817.965,2,1202,job finish
5818.42,1,1202,job finish
5818.42,2,1203,job start
5818.42,1,1203,job start
5818.42,0,1208,job start
5818.6,3,1199,job finish
5818.6,3,1200,job start
5821.55,1,1203,job finish
5821.55,1,1204,job start
5821.98,4,1198,job finish
5821.98,4,1199,job start
5822.549,0,1208,job finish
5822.549,0,1209,job start
5823.599,3,1200,job finish
5823.599,3,1201,job start
5824.35,2,1203,job finish
5824.35,2,1204,job start
5825.196,4,1199,job finish
5825.196,4,1200,job start
5825.327,1,1204,job finish
5825.327,1,1205,job start
5826.08,0,1209,job finish
5826.08,0,1210,job start
5827.203,2,1204,job finish
5827.203,2,1205,job start
5827.586,4,1200,job finish
5827.586,4,1201,job start
5828.335,1,1205,job finish
5828.335,1,1206,job start
5829.72,0,1210,job finish
5829.72,0,1211,job start
5830.187,3,1201,job finish
5830.187,3,1202,job start
5831.378,4,1201,job finish
5831.378,4,1202,job start
5831.407,2,1205,job finish
5831.407,2,1206,job start
5832.513,0,1211,job finish
5832.754,3,1202,job finish
5832.754,3,1203,job start
5832.967,1,1206,job finish
5832.967,1,1207,job start
5832.967,0,1212,job start
5836.11,2,1206,job finish
5836.11,2,1207,job start
5836.209,1,1207,job finish
5836.209,1,1208,job start
5836.752,3,1203,job finish
5836.752,3,1204,job start
5837.089,0,1212,job finish
5837.089,0,1213,job start
5837.664,4,1202,job finish
5837.664,4,1203,job start
5838.619,1,1208,job finish
5838.619,1,1209,job start
5838.921,2,1207,job finish
5838.921,2,1208,job start
5839.153,0,1213,job finish
5839.153,0,1214,job start
5839.71,3,1204,job finish
5839.71,3,1205,job start
5839.855,4,1203,job finish
5839.855,4,1204,job start
5841.126,2,1208,job finish
5841.126,2,1209,job start
5841.67,1,1209,job finish
5841.67,1,1210,job start
5842.588,3,1205,job finish
5842.588,3,1206,job start
5842.592,4,1204,job finish
5842.592,4,1205,job start
5842.968,0,1214,job finish
5842.968,0,1215,job start
5844.732,2,1209,job finish
5844.732,2,1210,job start
5845.635,3,1206,job finish
5845.635,3,1207,job start
5845.948,4,1205,job finish
5845.948,4,1206,job start
5848.397,4,1206,job finish
5848.397,4,1207,job start
5848.576,3,1207,job finish
5848.576,3,1208,job start
5848.582,1,1210,job finish
5848.582,1,1211,job start
5849.185,2,1210,job finish
5849.185,2,1211,job start
5850.88,4,1207,job finish
5850.88,4,1208,job start
5850.942,3,1208,job finish
5850.942,3,1209,job start
5851.78,0,1215,job finish
5851.78,0,1216,job start
5852.728,1,1211,job finish
5852.728,1,1212,job start
5853.267,3,1209,job finish
5853.267,3,1210,job start
5853.892,4,1208,job finish
5853.892,4,1209,job start
5854.611,2,1211,job finish
5854.611,2,1212,job start
5854.76,0,1216,job finish
5854.76,0,1217,job start
5856.067,4,1209,job finish
5856.067,4,1210,job start
5856.537,1,1212,job finish
5856.537,1,1213,job start
5856.706,2,1212,job finish
5856.706,2,1213,job start
5857.755,0,1217,job finish
5857.755,0,1218,job start
5858.262,3,1210,job finish
5858.262,3,1211,job start
5858.922,4,1210,job finish
5858.922,4,1211,job start
5859.495,1,1213,job finish
5859.495,1,1214,job start
5860.638,2,1213,job finish
5860.638,2,1214,job start
5860.804,0,1218,job finish
5860.804,0,1219,job start
5861.779,4,1211,job finish
5862.488,3,1211,job finish
5862.488,4,1212,job start
5862.488,3,1212,job start
5862.843,1,1214,job finish
5862.843,1,1215,job start
5865.5,0,1219,job finish
5865.5,0,1220,job start
5866.395,1,1215,job finish
5866.395,1,1216,job start
5867.776,2,1214,job finish
5867.776,2,1215,job start
5868.203,0,1220,job finish
5868.203,0,1221,job start
5868.515,4,1212,job finish
5868.805,3,1212,job finish
5868.805,4,1213,job start
5868.805,3,1213,job start
5870.988,4,1213,job finish
5871.432,1,1216,job finish
5871.432,1,1217,job start
5873.567,2,1215,job finish
5873.567,2,1216,job start
5874.77,1,1217,job finish
5874.77,1,1218,job start
5875.679,3,1213,job finish
5875.679,4,1214,job start
5875.679,3,1214,job start
5877.685,4,1214,job finish
5877.78,1,1218,job finish
5877.78,1,1219,job start
5877.822,0,1221,job finish
5877.822,0,1222,job start
5878.222,2,1216,job finish
5878.222,2,1217,job start
5880.649,2,1217,job finish
5880.649,2,1218,job start
5880.858,3,1214,job finish
5880.858,4,1215,job start
5880.858,3,1215,job start
5880.979,0,1222,job finish
5880.979,0,1223,job start
5883.014,2,1218,job finish
5883.014,2,1219,job start
5884.109,1,1219,job finish
5884.109,1,1220,job start
5884.522,4,1215,job finish
5885.032,0,1223,job finish
5885.032,0,1224,job start
5886.873,2,1219,job finish
5886.873,2,1220,job start
5888.283,3,1215,job finish
5888.283,4,1216,job start
5888.283,3,1216,job start
5888.736,0,1224,job finish
5888.736,0,1225,job start
5889.936,2,1220,job finish
5890.97,0,1225,job finish
5891.578,1,1220,job finish
5891.578,2,1221,job start
5891.578,1,1221,job start
5891.578,0,1226,job start
5891.623,4,1216,job finish
5892.062,3,1216,job finish
5892.062,4,1217,job start
5892.062,3,1217,job start
5893.953,0,1226,job finish
5894.043,1,1221,job finish
5894.043,1,1222,job start
5894.043,0,1227,job start
5896.549,4,1217,job finish
5896.781,3,1217,job finish
5896.781,4,1218,job start
5896.781,3,1218,job start
5897.125,2,1221,job finish
5897.125,2,1222,job start
5897.414,0,1227,job finish
5897.637,1,1222,job finish
5897.637,1,1223,job start
5897.637,0,1228,job start
5899.583,4,1218,job finish
5900.067,1,1223,job finish
5900.067,1,1224,job start
5900.396,0,1228,job finish
5900.396,0,1229,job start
5901.024,3,1218,job finish
5901.024,4,1219,job start
5901.024,3,1219,job start
5902.856,2,1222,job finish
5902.856,2,1223,job start
5903.063,1,1224,job finish
5903.063,1,1225,job start
5903.261,4,1219,job finish
5903.332,3,1219,job finish
5903.332,4,1220,job start
5903.332,3,1220,job start
5904.947,0,1229,job finish
5904.947,0,1230,job start
5906.617,3,1220,job finish
5906.617,3,1221,job start
5907.249,4,1220,job finish
5907.249,4,1221,job start
5908.917,3,1221,job finish
5908.917,3,1222,job start
5909.184,2,1223,job finish
5909.184,2,1224,job start
5909.357,1,1225,job finish
5909.357,1,1226,job start
5911.211,2,1224,job finish
5911.211,2,1225,job start
5911.304,0,1230,job finish
5911.304,0,1231,job start
5911.705,1,1226,job finish
5911.705,1,1227,job start
5911.813,3,1222,job finish
5911.813,3,1223,job start
5914.784,1,1227,job finish
5914.784,1,1228,job start
5915.153,3,1223,job finish
5915.153,3,1224,job start
5915.836,4,1221,job finish
5915.836,4,1222,job start
5916.279,2,1225,job finish
5916.279,2,1226,job start
5917.563,3,1224,job finish
5917.563,3,1225,job start
5918.428,4,1222,job finish
5918.428,4,1223,job start
5919.422,2,1226,job finish
5919.422,2,1227,job start
5919.794,1,1228,job finish
5919.794,1,1229,job start
5920.308,3,1225,job finish
5920.308,3,1226,job start
5921.744,2,1227,job finish
5921.744,2,1228,job start
5922.387,4,1223,job finish
5922.387,4,1224,job start
5922.933,3,1226,job finish
5922.933,3,1227,job start
5924.177,0,1231,job finish
5924.177,0,1232,job start
5925.762,3,1227,job finish
5925.762,3,1228,job start
5928.03,3,1228,job finish
5929.219,1,1229,job finish
5929.219,1,1230,job start
5929.613,0,1232,job finish
5929.613,0,1233,job start
5932.659,2,1228,job finish
5932.659,3,1229,job start
5932.659,2,1229,job start
5933.466,0,1233,job finish
5933.466,0,1234,job start
5934.235,4,1224,job finish
5934.235,4,1225,job start
5934.312,1,1230,job finish
5934.312,1,1231,job start
5936.07,2,1229,job finish
5936.07,2,1230,job start
5937.214,4,1225,job finish
5937.214,4,1226,job start
5937.442,3,1229,job finish
5937.442,3,1230,job start
5937.625,1,1231,job finish
5937.625,1,1232,job start
5939.782,3,1230,job finish
5939.876,2,1230,job finish
5939.876,3,1231,job start
5939.876,2,1231,job start
5941.662,1,1232,job finish
5941.662,1,1233,job start
5942.522,0,1234,job finish
5942.522,0,1235,job start
5943.625,2,1231,job finish
5943.625,2,1232,job start
5943.628,4,1226,job finish
5943.628,4,1227,job start
5943.76,3,1231,job finish
5943.76,3,1232,job start
5944.847,0,1235,job finish
5944.847,0,1236,job start
5946.045,2,1232,job finish
5946.045,2,1233,job start
5946.165,3,1232,job finish
5946.822,1,1233,job finish
5946.822,1,1234,job start
5948.875,0,1236,job finish
5948.875,0,1237,job start
5948.933,2,1233,job finish
5948.933,2,1234,job start
5950.366,1,1234,job finish
5950.366,1,1235,job start
5951.7,4,1227,job finish
5951.7,4,1228,job start
5951.7,3,1233,job start
5952.675,2,1234,job finish
5952.675,2,1235,job start
5953.489,0,1237,job finish
5953.489,0,1238,job start
5956.152,0,1238,job finish
5956.152,0,1239,job start
5956.42,1,1235,job finish
5956.42,1,1236,job start
5956.875,4,1228,job finish
5956.875,4,1229,job start
5958.804,0,1239,job finish
5958.804,0,1240,job start
5959.184,3,1233,job finish
5959.184,3,1234,job start
5959.195,1,1236,job finish
5959.195,1,1237,job start
5960.125,4,1229,job finish
5960.125,4,1230,job start
5962.581,4,1230,job finish
5962.581,4,1231,job start
5963.128,1,1237,job finish
5963.128,1,1238,job start
5965.168,0,1240,job finish
5965.168,0,1241,job start
5967.557,3,1234,job finish
5967.557,3,1235,job start
5967.752,4,1231,job finish
5967.752,4,1232,job start
5967.829,0,1241,job finish
5967.829,0,1242,job start
5970.916,3,1235,job finish
5971.026,2,1235,job finish
5971.026,3,1236,job start
5971.026,2,1236,job start
5971.485,4,1232,job finish
5971.485,4,1233,job start
5973.181,1,1238,job finish
5973.181,1,1239,job start
5974.009,4,1233,job finish
5974.009,4,1234,job start
5974.167,3,1236,job finish
5974.383,2,1236,job finish
5974.383,3,1237,job start
5974.383,2,1237,job start
5976.327,0,1242,job finish
5976.327,0,1243,job start
5977.745,1,1239,job finish
5977.745,1,1240,job start
5978.783,3,1237,job finish
5978.943,0,1243,job finish
5978.943,0,1244,job start
5978.997,2,1237,job finish
5978.997,3,1238,job start
5978.997,2,1238,job start
5980.176,1,1240,job finish
5980.176,1,1241,job start
5981.88,3,1238,job finish
5982.32,0,1244,job finish
5982.32,0,1245,job start
5984.698,0,1245,job finish
5984.698,0,1246,job start
5985.953,4,1234,job finish
5985.953,4,1235,job start
5986.81,1,1241,job finish
5986.81,1,1242,job start
5988.208,0,1246,job finish
5988.208,0,1247,job start
5988.651,2,1238,job finish
5988.651,3,1239,job start
5988.651,2,1239,job start
5989.839,4,1235,job finish
5989.839,4,1236,job start
5990.058,1,1242,job finish
5990.058,1,1243,job start
5991.464,2,1239,job finish
5991.464,2,1240,job start
5993.993,1,1243,job finish
5993.993,1,1244,job start
5994.18,2,1240,job finish
5994.18,2,1241,job start
5994.852,0,1247,job finish
5994.852,0,1248,job start
5996.329,4,1236,job finish
5996.329,4,1237,job start
5996.715,2,1241,job finish
5996.715,2,1242,job start
5999.086,3,1239,job finish
5999.086,3,1240,job start
5999.552,4,1237,job finish
5999.552,4,1238,job start
6000.099,2,1242,job finish
6000.099,2,1243,job start
6000.688,1,1244,job finish
6000.688,1,1245,job start
6000.789,0,1248,job finish
6000.789,0,1249,job start
6002.24,2,1243,job finish
6002.24,2,1244,job start
6002.351,3,1240,job finish
6002.351,3,1241,job start
6003.162,0,1249,job finish
6003.162,0,1250,job start
6003.279,1,1245,job finish
6003.279,1,1246,job start
6003.546,4,1238,job finish
6003.546,4,1239,job start
6004.987,3,1241,job finish
6004.987,3,1242,job start
6005.205,0,1250,job finish
6005.205,0,1251,job start
6006.146,1,1246,job finish
6006.146,1,1247,job start
6006.147,2,1244,job finish
6006.147,2,1245,job start
6008.464,4,1239,job finish
6008.464,4,1240,job start
6009.74,0,1251,job finish
6009.74,0,1252,job start
6010.187,3,1242,job finish
6010.187,3,1243,job start
6011.807,4,1240,job finish
6011.807,4,1241,job start
6011.845,1,1247,job finish
6011.845,1,1248,job start
6012.112,0,1252,job finish
6012.112,0,1253,job start
6013.248,3,1243,job finish
6013.248,3,1244,job start
6013.425,2,1245,job finish
6013.425,2,1246,job start
6013.891,4,1241,job finish
6013.891,4,1242,job start
6014.649,1,1248,job finish
6014.649,1,1249,job start
6016.07,4,1242,job finish
6016.07,4,1243,job start
6016.166,3,1244,job finish
6016.166,3,1245,job start
6016.242,0,1253,job finish
6016.242,0,1254,job start
6017.559,2,1246,job finish
6017.559,2,1247,job start
6018.617,0,1254,job finish
6020.19,2,1247,job finish
6020.19,2,1248,job start
6021.376,1,1249,job finish
6021.376,1,1250,job start
6021.376,0,1255,job start
6021.403,4,1243,job finish
6021.403,4,1244,job start
6022.927,3,1245,job finish
6022.927,3,1246,job start
6023.63,1,1250,job finish
6023.63,1,1251,job start
6023.694,0,1255,job finish
6023.694,0,1256,job start
6024.563,4,1244,job finish
6024.563,4,1245,job start
6025.619,2,1248,job finish
6025.619,2,1249,job start
6027.079,3,1246,job finish
6027.079,3,1247,job start
6027.859,2,1249,job finish
6027.859,2,1250,job start
6028.473,1,1251,job finish
6028.473,1,1252,job start
6028.656,0,1256,job finish
6028.656,0,1257,job start
6029.609,4,1245,job finish
6029.609,4,1246,job start
6029.737,3,1247,job finish
6029.737,3,1248,job start
6030.385,2,1250,job finish
6030.385,2,1251,job start
6032.0,3,1248,job finish
6032.0,3,1249,job start
6032.216,0,1257,job finish
6032.496,4,1246,job finish
6032.496,4,1247,job start
6032.976,1,1252,job finish
6032.976,1,1253,job start
6032.976,0,1258,job start
6034.881,3,1249,job finish
6034.881,3,1250,job start
6036.123,2,1251,job finish
6036.123,2,1252,job start
6036.324,4,1247,job finish
6036.324,4,1248,job start
6036.395,0,1258,job finish
6039.243,2,1252,job finish
6039.243,2,1253,job start
6039.771,3,1250,job finish
6039.771,3,1251,job start
6041.079,4,1248,job finish
6041.079,4,1249,job start
6042.649,2,1253,job finish
6044.213,3,1251,job finish
6044.213,3,1252,job start
6045.883,1,1253,job finish
6045.883,2,1254,job start
6045.883,1,1254,job start
6045.883,0,1259,job start
6047.012,4,1249,job finish
6047.012,4,1250,job start
6048.343,0,1259,job finish
6049.519,2,1254,job finish
6049.606,4,1250,job finish
6049.606,4,1251,job start
6050.76,3,1252,job finish
6050.76,3,1253,job start
6051.026,1,1254,job finish
6051.026,2,1255,job start
6051.026,1,1255,job start
6051.026,0,1260,job start
6052.231,4,1251,job finish
6052.231,4,1252,job start
6054.165,3,1253,job finish
6054.165,3,1254,job start
6054.925,1,1255,job finish
6054.925,1,1256,job start
6055.259,0,1260,job finish
6055.259,0,1261,job start
6055.426,2,1255,job finish
6055.426,2,1256,job start
6056.446,3,1254,job finish
6056.446,3,1255,job start
6059.125,4,1252,job finish
6059.125,4,1253,job start
6059.523,2,1256,job finish
6060.277,1,1256,job finish
6060.277,2,1257,job start
6060.277,1,1257,job start
6061.68,0,1261,job finish
6061.68,0,1262,job start
6062.684,4,1253,job finish
6062.684,4,1254,job start
6064.47,3,1255,job finish
6064.47,3,1256,job start
6065.431,1,1257,job finish
6065.431,1,1258,job start
6067.554,2,1257,job finish
6067.554,2,1258,job start
6067.608,4,1254,job finish
6067.608,4,1255,job start
6069.059,0,1262,job finish
6069.059,0,1263,job start
6070.067,2,1258,job finish
6070.963,4,1255,job finish
6070.963,4,1256,job start
6071.268,3,1256,job finish
6071.268,3,1257,job start
6071.605,0,1263,job finish
6072.689,1,1258,job finish
6072.689,2,1259,job start
6072.689,1,1259,job start
6072.689,0,1264,job start
6073.597,4,1256,job finish
6073.597,4,1257,job start
6074.752,3,1257,job finish
6074.752,3,1258,job start
6075.031,2,1259,job finish
6075.658,1,1259,job finish
6075.658,2,1260,job start
6075.658,1,1260,job start
6076.174,0,1264,job finish
6076.174,0,1265,job start
6077.983,4,1257,job finish
6077.983,4,1258,job start
6078.887,1,1260,job finish
6078.887,1,1261,job start
6080.885,3,1258,job finish
6080.885,3,1259,job start
6081.719,0,1265,job finish
6081.719,0,1266,job start
6081.803,4,1258,job finish
6081.803,4,1259,job start
6082.28,2,1260,job finish
6082.28,2,1261,job start
6082.533,1,1261,job finish
6082.533,1,1262,job start
6083.792,0,1266,job finish
6083.792,0,1267,job start
6084.248,4,1259,job finish
6084.876,1,1262,job finish
6084.876,1,1263,job start
6085.655,2,1261,job finish
6085.655,2,1262,job start
6086.446,0,1267,job finish
6086.446,0,1268,job start
6087.986,3,1259,job finish
6087.986,4,1260,job start
6087.986,3,1260,job start
6089.55,2,1262,job finish
6089.55,2,1263,job start
6090.278,3,1260,job finish
6090.278,3,1261,job start
6090.471,0,1268,job finish
6092.034,2,1263,job finish
6092.128,4,1260,job finish
6092.128,4,1261,job start
6093.857,3,1261,job finish
6093.857,3,1262,job start
6096.392,1,1263,job finish
6096.392,2,1264,job start
6096.392,1,1264,job start
6096.392,0,1269,job start
6099.324,2,1264,job finish
6100.235,1,1264,job finish
6100.235,2,1265,job start
6100.235,1,1265,job start
6100.878,0,1269,job finish
6100.878,0,1270,job start
6101.814,3,1262,job finish
6101.814,3,1263,job start
6102.76,1,1265,job finish
6102.76,1,1266,job start
6103.127,0,1270,job finish
6103.127,0,1271,job start
6104.26,2,1265,job finish
6104.26,2,1266,job start
6105.306,0,1271,job finish
6105.507,3,1263,job finish
6105.507,3,1264,job start
6105.68,4,1261,job finish
6105.68,4,1262,job start
6106.514,1,1266,job finish
6106.514,1,1267,job start
6106.514,0,1272,job start
6107.834,2,1266,job finish
6107.834,2,1267,job start
6108.535,4,1262,job finish
6108.535,4,1263,job start
6108.821,0,1272,job finish
6110.721,2,1267,job finish
6110.843,4,1263,job finish
6110.843,4,1264,job start
6114.009,1,1267,job finish
6114.009,2,1268,job start
6114.009,1,1268,job start
6114.009,0,1273,job start
6115.007,3,1264,job finish
6115.007,3,1265,job start
6117.659,2,1268,job finish
6118.087,1,1268,job finish
6118.087,2,1269,job start
6118.087,1,1269,job start
6118.096,0,1273,job finish
6118.096,0,1274,job start
6118.198,4,1264,job finish
6118.198,4,1265,job start
6118.564,3,1265,job finish
6118.564,3,1266,job start
6120.263,4,1265,job finish
6120.263,4,1266,job start
6120.264,2,1269,job finish
6121.251,3,1266,job finish
6121.251,3,1267,job start
6123.192,4,1266,job finish
6123.192,4,1267,job start
6123.336,0,1274,job finish
6123.343,1,1269,job finish
6123.343,2,1270,job start
6123.343,1,1270,job start
6123.343,0,1275,job start
6124.806,3,1267,job finish
6124.806,3,1268,job start
6125.385,2,1270,job finish
6125.935,4,1267,job finish
6125.935,4,1268,job start
6125.984,0,1275,job finish
6128.255,4,1268,job finish
6132.368,1,1270,job finish
6132.368,2,1271,job start
6132.368,1,1271,job start
6132.368,0,1276,job start
6134.44,2,1271,job finish
6134.68,1,1271,job finish
6134.68,2,1272,job start
6134.68,1,1272,job start
6136.036,0,1276,job finish
6136.036,0,1277,job start
6138.002,2,1272,job finish
6138.436,3,1268,job finish
6138.436,4,1269,job start
6138.436,3,1269,job start
6139.053,1,1272,job finish
6139.053,2,1273,job start
6139.053,1,1273,job start
6139.263,0,1277,job finish
6139.263,0,1278,job start
6140.841,3,1269,job finish
6140.841,3,1270,job start
6141.441,1,1273,job finish
6141.441,1,1274,job start
6142.507,0,1278,job finish
6142.507,0,1279,job start
6144.755,3,1270,job finish
6144.755,3,1271,job start
6145.035,2,1273,job finish
6145.035,2,1274,job start
6145.736,4,1269,job finish
6145.736,4,1270,job start
6146.846,1,1274,job finish
6146.846,1,1275,job start
6147.636,2,1274,job finish
6147.636,2,1275,job start
6147.79,3,1271,job finish
6147.79,3,1272,job start
6147.955,4,1270,job finish
6147.955,4,1271,job start
6149.176,1,1275,job finish
6149.176,1,1276,job start
6149.368,0,1279,job finish
6149.368,0,1280,job start
6150.155,3,1272,job finish
6150.155,3,1273,job start
6151.127,4,1271,job finish
6151.127,4,1272,job start
6151.383,2,1275,job finish
6151.383,2,1276,job start
6154.054,2,1276,job finish
6154.067,0,1280,job finish
6154.067,0,1281,job start
6156.101,0,1281,job finish
6156.578,1,1276,job finish
6156.578,2,1277,job start
6156.578,1,1277,job start
6156.578,0,1282,job start
6156.811,4,1272,job finish
6156.811,4,1273,job start
6157.003,3,1273,job finish
6157.003,3,1274,job start
6159.129,2,1277,job finish
6160.592,3,1274,job finish
6160.592,3,1275,job start
6161.152,1,1277,job finish
6161.152,2,1278,job start
6161.152,1,1278,job start
6161.991,0,1282,job finish
6161.991,0,1283,job start
6162.144,4,1273,job finish
6162.144,4,1274,job start
6163.443,3,1275,job finish
6163.443,3,1276,job start
6164.141,0,1283,job finish
6164.619,1,1278,job finish
6164.619,1,1279,job start
6164.619,0,1284,job start
6164.7,2,1278,job finish
6164.7,2,1279,job start
6165.941,3,1276,job finish
6165.941,3,1277,job start
6167.258,0,1284,job finish
6167.799,1,1279,job finish
6167.799,1,1280,job start
6167.799,0,1285,job start
6168.657,2,1279,job finish
6168.657,2,1280,job start
6169.332,3,1277,job finish
6169.332,3,1278,job start
6169.73,4,1274,job finish
6169.73,4,1275,job start
6170.392,0,1285,job finish
6170.746,2,1280,job finish
6170.906,1,1280,job finish
6170.906,2,1281,job start
6170.906,1,1281,job start
6170.906,0,1286,job start
6171.907,3,1278,job finish
6171.907,3,1279,job start
6172.891,4,1275,job finish
6172.891,4,1276,job start
6174.055,1,1281,job finish
6174.055,1,1282,job start
6175.118,4,1276,job finish
6175.118,4,1277,job start
6175.27,3,1279,job finish
6175.27,3,1280,job start
6176.314,0,1286,job finish
6176.314,0,1287,job start
6178.18,1,1282,job finish
6178.18,1,1283,job start
6178.486,0,1287,job finish
6178.486,0,1288,job start
6179.598,4,1277,job finish
6179.598,4,1278,job start
6180.292,3,1280,job finish
6180.292,3,1281,job start
6180.979,1,1283,job finish
6180.979,1,1284,job start
6182.32,0,1288,job finish
6182.32,0,1289,job start
6182.367,4,1278,job finish
6182.367,4,1279,job start
6183.591,1,1284,job finish
6183.591,1,1285,job start
6184.717,4,1279,job finish
6184.717,4,1280,job start
6185.477,0,1289,job finish
6185.477,0,1290,job start
6187.447,4,1280,job finish
6187.447,4,1281,job start
6187.49,3,1281,job finish
6187.496,1,1285,job finish
6187.496,1,1286,job start
6188.062,0,1290,job finish
6188.062,0,1291,job start
6190.717,2,1281,job finish
6190.717,3,1282,job start
6190.717,2,1282,job start
6192.063,4,1281,job finish
6192.063,4,1282,job start
6193.509,1,1286,job finish
6193.509,1,1287,job start
6194.409,4,1282,job finish
6194.673,2,1282,job finish
6194.673,2,1283,job start
6195.765,1,1287,job finish
6195.765,1,1288,job start
6196.673,3,1282,job finish
6196.673,4,1283,job start
6196.673,3,1283,job start
6198.203,1,1288,job finish
6198.795,0,1291,job finish
6198.795,0,1292,job start
6199.049,4,1283,job finish
6199.226,2,1283,job finish
6199.226,2,1284,job start
6199.226,1,1289,job start
6202.583,2,1284,job finish
6202.583,2,1285,job start
6203.78,3,1283,job finish
6203.78,4,1284,job start
6203.78,3,1284,job start
6204.196,0,1292,job finish
6204.196,0,1293,job start
6204.431,1,1289,job finish
6204.431,1,1290,job start
6208.585,4,1284,job finish
6208.605,3,1284,job finish
6208.605,4,1285,job start
6208.605,3,1285,job start
6208.76,2,1285,job finish
6208.76,2,1286,job start
6209.068,0,1293,job finish
6209.068,0,1294,job start
6209.579,1,1290,job finish
6209.579,1,1291,job start
6211.09,2,1286,job finish
6211.09,2,1287,job start
6211.259,3,1285,job finish
6211.259,3,1286,job start
6211.991,4,1285,job finish
6211.991,4,1286,job start
6213.387,2,1287,job finish
6213.387,2,1288,job start
6214.475,4,1286,job finish
6216.272,0,1294,job finish
6216.272,0,1295,job start
6216.349,1,1291,job finish
6216.349,1,1292,job start
6217.472,3,1286,job finish
6217.472,4,1287,job start
6217.472,3,1287,job start
6218.691,0,1295,job finish
6218.691,0,1296,job start
6219.668,4,1287,job finish
6220.364,2,1288,job finish
6220.364,2,1289,job start
6221.909,1,1292,job finish
6221.909,1,1293,job start
6222.166,0,1296,job finish
6222.166,0,1297,job start
6225.217,3,1287,job finish
6225.217,4,1288,job start
6225.217,3,1288,job start
6225.761,0,1297,job finish
6225.761,0,1298,job start
6225.855,2,1289,job finish
6225.855,2,1290,job start
6227.517,1,1293,job finish
6227.517,1,1294,job start
6227.907,4,1288,job finish
6227.989,0,1298,job finish
6227.989,0,1299,job start
6228.055,3,1288,job finish
6228.055,4,1289,job start
6228.055,3,1289,job start
6228.201,2,1290,job finish
6228.201,2,1291,job start
6230.507,2,1291,job finish
6230.507,2,1292,job start
6231.719,1,1294,job finish
6231.719,1,1295,job start
6231.836,4,1289,job finish
6232.475,3,1289,job finish
6232.475,4,1290,job start
6232.475,3,1290,job start
6233.076,2,1292,job finish
6233.076,2,1293,job start
6235.664,2,1293,job finish
6235.664,2,1294,job start
6235.926,0,1299,job finish
6235.926,0,1300,job start
6236.633,3,1290,job finish
6236.633,3,1291,job start
6237.418,1,1295,job finish
6237.418,1,1296,job start
6237.796,2,1294,job finish
6237.796,2,1295,job start
6237.931,0,1300,job finish
6237.931,0,1301,job start
6238.077,4,1290,job finish
6238.077,4,1291,job start
6239.444,3,1291,job finish
6239.444,3,1292,job start
6239.992,1,1296,job finish
6239.992,1,1297,job start
6240.099,2,1295,job finish
6240.099,2,1296,job start
6240.64,0,1301,job finish
6240.64,0,1302,job start
6243.434,1,1297,job finish
6243.434,1,1298,job start
6243.848,0,1302,job finish
6243.848,0,1303,job start
6244.495,4,1291,job finish
6244.495,4,1292,job start
6245.392,2,1296,job finish
6245.392,2,1297,job start
6246.013,0,1303,job finish
6247.213,3,1292,job finish
6247.213,3,1293,job start
6247.596,2,1297,job finish
6247.596,2,1298,job start
6249.681,4,1292,job finish
6249.681,4,1293,job start
6252.263,2,1298,job finish
6252.267,4,1293,job finish
6253.16,1,1298,job finish
6253.16,1,1299,job start
6253.16,0,1304,job start
6253.53,3,1293,job finish
6253.53,4,1294,job start
6253.53,3,1294,job start
6253.53,2,1299,job start
6256.215,4,1294,job finish
6256.747,1,1299,job finish
6256.747,1,1300,job start
6257.232,0,1304,job finish
6257.232,0,1305,job start
6257.569,2,1299,job finish
6258.51,3,1294,job finish
6258.51,4,1295,job start
6258.51,3,1295,job start
6258.51,2,1300,job start
6260.889,0,1305,job finish
6261.205,4,1295,job finish
6261.378,3,1295,job finish
6261.378,4,1296,job start
6261.378,3,1296,job start
6262.9,2,1300,job finish
6263.524,4,1296,job finish
6266.398,3,1296,job finish
6266.398,4,1297,job start
6266.398,3,1297,job start
6266.431,1,1300,job finish
6266.431,2,1301,job start
6266.431,1,1301,job start
6266.431,0,1306,job start
6268.779,1,1301,job finish
6268.779,1,1302,job start
6268.916,4,1297,job finish
6269.717,3,1297,job finish
6269.717,4,1298,job start
6269.717,3,1298,job start
6270.372,2,1301,job finish
6270.372,2,1302,job start
6270.506,0,1306,job finish
6270.506,0,1307,job start
6273.013,4,1298,job finish
6273.294,3,1298,job finish
6273.294,4,1299,job start
6273.294,3,1299,job start
6273.903,2,1302,job finish
6276.992,3,1299,job finish
6276.992,3,1300,job start
6277.211,0,1307,job finish
6277.873,4,1299,job finish
6277.873,4,1300,job start
6278.702,1,1302,job finish
6278.702,2,1303,job start
6278.702,1,1303,job start
6278.702,0,1308,job start
6279.857,3,1300,job finish
6279.857,3,1301,job start
6280.451,4,1300,job finish
6280.451,4,1301,job start
6280.757,2,1303,job finish
6280.986,0,1308,job finish
6281.635,1,1303,job finish
6281.635,2,1304,job start
6281.635,1,1304,job start
6281.635,0,1309,job start
6283.303,3,1301,job finish
6283.303,3,1302,job start
6283.572,4,1301,job finish
6283.572,4,1302,job start
6283.737,0,1309,job finish
6283.825,2,1304,job finish
6285.65,1,1304,job finish
6285.65,2,1305,job start
6285.65,1,1305,job start
6285.65,0,1310,job start
6285.714,4,1302,job finish
6285.859,3,1302,job finish
6285.859,4,1303,job start
6285.859,3,1303,job start
6287.96,0,1310,job finish
6288.378,4,1303,job finish
6289.642,2,1305,job finish
6290.043,1,1305,job finish
6290.043,2,1306,job start
6290.043,1,1306,job start
6290.043,0,1311,job start
6290.418,3,1303,job finish
6290.418,4,1304,job start
6290.418,3,1304,job start
6292.917,1,1306,job finish
6292.917,1,1307,job start
6293.085,4,1304,job finish
6293.555,2,1306,job finish
6293.555,2,1307,job start
6294.572,3,1304,job finish
6294.572,4,1305,job start
6294.572,3,1305,job start
6295.552,0,1311,job finish
6295.552,0,1312,job start
6296.324,2,1307,job finish
6297.505,1,1307,job finish
6297.505,2,1308,job start
6297.505,1,1308,job start
6299.011,4,1305,job finish
6300.561,2,1308,job finish
6301.446,1,1308,job finish
6301.446,2,1309,job start
6301.446,1,1309,job start
6302.286,3,1305,job finish
6302.286,4,1306,job start
6302.286,3,1306,job start
6305.701,3,1306,job finish
6305.701,3,1307,job start
6305.721,4,1306,job finish
6305.721,4,1307,job start
6306.388,0,1312,job finish
6306.388,0,1313,job start
6306.853,1,1309,job finish
6306.853,1,1310,job start
6307.96,3,1307,job finish
6307.96,3,1308,job start
6309.315,0,1313,job finish
6309.315,0,1314,job start
6309.522,2,1309,job finish
6309.522,2,1310,job start
6310.566,4,1307,job finish
6310.566,4,1308,job start
6311.741,1,1310,job finish
6311.741,1,1311,job start
6313.251,3,1308,job finish
6313.251,3,1309,job start
6314.029,1,1311,job finish
6314.029,1,1312,job start
6314.784,4,1308,job finish
6314.784,4,1309,job start
6316.044,2,1310,job finish
6316.044,2,1311,job start
6316.597,3,1309,job finish
6316.597,3,1310,job start
6317.824,0,1314,job finish
6317.824,0,1315,job start
6318.16,1,1312,job finish
6318.16,1,1313,job start
6319.919,4,1309,job finish
6319.919,4,1310,job start
6320.498,0,1315,job finish
6320.498,0,1316,job start
6321.986,2,1311,job finish
6321.986,2,1312,job start
6322.62,3,1310,job finish
6322.62,3,1311,job start
6322.676,0,1316,job finish
6322.676,0,1317,job start
6324.257,2,1312,job finish
6324.257,2,1313,job start
6325.717,1,1313,job finish
6325.717,1,1314,job start
6325.799,0,1317,job finish
6325.799,0,1318,job start
6327.152,3,1311,job finish
6327.152,3,1312,job start
6327.878,0,1318,job finish
6327.878,0,1319,job start
6328.647,4,1310,job finish
6328.647,4,1311,job start
6330.693,3,1312,job finish
6330.693,3,1313,job start
6330.908,1,1314,job finish
6330.908,1,1315,job start
6331.5,2,1313,job finish
6331.5,2,1314,job start
6331.553,4,1311,job finish
6331.553,4,1312,job start
6332.28,0,1319,job finish
6332.28,0,1320,job start
6333.873,4,1312,job finish
6333.873,4,1313,job start
6335.11,1,1315,job finish
6335.11,1,1316,job start
6336.775,0,1320,job finish
6336.775,0,1321,job start
6336.973,4,1313,job finish
6337.212,2,1314,job finish
6337.212,2,1315,job start
6338.77,1,1316,job finish
6338.77,1,1317,job start
6341.182,0,1321,job finish
6341.182,0,1322,job start
6341.666,1,1317,job finish
6341.666,1,1318,job start
6343.996,2,1315,job finish
6343.996,2,1316,job start
6345.882,3,1313,job finish
6345.882,4,1314,job start
6345.882,3,1314,job start
6346.631,0,1322,job finish
6346.631,0,1323,job start
6347.155,2,1316,job finish
6347.155,2,1317,job start
6348.509,3,1314,job finish
6348.509,3,1315,job start
6348.814,0,1323,job finish
6348.864,4,1314,job finish
6348.864,4,1315,job start
6350.856,3,1315,job finish
6350.856,3,1316,job start
6351.312,2,1317,job finish
6351.312,2,1318,job start
6351.765,4,1315,job finish
6351.765,4,1316,job start
6354.007,3,1316,job finish
6354.007,3,1317,job start
6355.274,1,1318,job finish
6355.274,1,1319,job start
6355.274,0,1324,job start
6355.43,4,1316,job finish
6355.43,4,1317,job start
6355.996,2,1318,job finish
6355.996,2,1319,job start
6357.427,3,1317,job finish
6357.427,3,1318,job start
6358.888,2,1319,job finish
6360.439,4,1317,job finish
6360.439,4,1318,job start
6360.518,0,1324,job finish
6361.656,3,1318,job finish
6361.656,3,1319,job start
6361.768,1,1319,job finish
6361.768,2,1320,job start
6361.768,1,1320,job start
6361.768,0,1325,job start
6362.828,4,1318,job finish
6362.828,4,1319,job start
6364.667,0,1325,job finish
6364.963,4,1319,job finish
6365.431,2,1320,job finish
6366.265,1,1320,job finish
6366.265,2,1321,job start
6366.265,1,1321,job start
6366.265,0,1326,job start
6368.696,2,1321,job finish
6369.876,1,1321,job finish
6369.876,2,1322,job start
6369.876,1,1322,job start
6371.176,0,1326,job finish
6371.176,0,1327,job start
6372.939,1,1322,job finish
6372.939,1,1323,job start
6373.13,3,1319,job finish
6373.13,4,1320,job start
6373.13,3,1320,job start
6373.374,0,1327,job finish
6373.374,0,1328,job start
6375.385,4,1320,job finish
6376.081,3,1320,job finish
6376.081,4,1321,job start
6376.081,3,1321,job start
6376.426,1,1323,job finish
6376.426,1,1324,job start
6376.588,0,1328,job finish
6376.588,0,1329,job start
6378.065,2,1322,job finish
6378.065,2,1323,job start
6378.677,4,1321,job finish
6379.066,0,1329,job finish
6379.864,1,1324,job finish
6379.864,1,1325,job start
6379.864,0,1330,job start
6382.848,1,1325,job finish
6382.848,1,1326,job start
6383.61,0,1330,job finish
6383.61,0,1331,job start
6383.928,3,1321,job finish
6383.928,4,1322,job start
6383.928,3,1322,job start
6384.519,2,1323,job finish
6384.519,2,1324,job start
6385.598,1,1326,job finish
6385.598,1,1327,job start
6385.854,0,1331,job finish
6385.854,0,1332,job start
6386.453,4,1322,job finish
6387.894,2,1324,job finish
6387.894,2,1325,job start
6388.352,0,1332,job finish
6390.69,1,1327,job finish
6390.69,1,1328,job start
6390.69,0,1333,job start
6390.909,2,1325,job finish
6390.909,2,1326,job start
6391.564,3,1322,job finish
6391.564,4,1323,job start
6391.564,3,1323,job start
6393.593,1,1328,job finish
6393.593,1,1329,job start
6393.609,2,1326,job finish
6393.609,2,1327,job start
6394.078,4,1323,job finish
6394.198,3,1323,job finish
6394.198,4,1324,job start
6394.198,3,1324,job start
6395.736,2,1327,job finish
6395.736,2,1328,job start
6396.239,1,1329,job finish
6396.239,1,1330,job start
6396.46,0,1333,job finish
6396.46,0,1334,job start
6396.484,3,1324,job finish
6396.484,3,1325,job start
6397.293,4,1324,job finish
6397.293,4,1325,job start
6398.684,2,1328,job finish
6398.684,2,1329,job start
6400.896,0,1334,job finish
6400.896,0,1335,job start
6400.97,2,1329,job finish
6400.97,2,1330,job start
6402.177,3,1325,job finish
6402.177,3,1326,job start
6402.182,4,1325,job finish
6402.182,4,1326,job start
6403.048,0,1335,job finish
6403.475,1,1330,job finish
6403.475,1,1331,job start
6403.475,0,1336,job start
6404.706,4,1326,job finish
6405.895,1,1331,job finish
6405.895,1,1332,job start
6407.017,2,1330,job finish
6407.017,2,1331,job start
6407.855,3,1326,job finish
6407.855,4,1327,job start
6407.855,3,1327,job start
6409.071,0,1336,job finish
6409.071,0,1337,job start
6409.727,2,1331,job finish
6409.727,2,1332,job start
6411.349,1,1332,job finish
6411.349,1,1333,job start
6411.392,0,1337,job finish
6411.392,0,1338,job start
6412.54,3,1327,job finish
6412.54,3,1328,job start
6413.36,4,1327,job finish
6413.36,4,1328,job start
6414.881,3,1328,job finish
6414.881,3,1329,job start
6415.036,1,1333,job finish
6415.036,1,1334,job start
6415.244,0,1338,job finish
6415.244,0,1339,job start
6416.754,2,1332,job finish
6416.754,2,1333,job start
6416.948,4,1328,job finish
6416.948,4,1329,job start
6418.3,0,1339,job finish
6419.094,2,1333,job finish
6419.094,2,1334,job start
6421.009,4,1329,job finish
6421.753,2,1334,job finish
6422.59,3,1329,job finish
6422.59,4,1330,job start
6422.59,3,1330,job start
6424.591,1,1334,job finish
6424.591,2,1335,job start
6424.591,1,1335,job start
6424.591,0,1340,job start
6425.402,4,1330,job finish
6427.044,2,1335,job finish
6427.752,3,1330,job finish
6427.752,4,1331,job start
6427.752,3,1331,job start
6427.822,0,1340,job finish
6430.144,3,1331,job finish
6430.144,3,1332,job start
6433.111,3,1332,job finish
6433.111,3,1333,job start
6434.426,1,1335,job finish
6434.426,2,1336,job start
6434.426,1,1336,job start
6434.426,0,1341,job start
6436.969,2,1336,job finish
6437.84,0,1341,job finish
6437.893,3,1333,job finish
6437.893,3,1334,job start
6440.996,3,1334,job finish
6440.996,3,1335,job start
6441.575,1,1336,job finish
6441.575,2,1337,job start
6441.575,1,1337,job start
6441.575,0,1342,job start
6442.154,4,1331,job finish
6442.154,4,1332,job start
6443.461,3,1335,job finish
6443.461,3,1336,job start
6443.985,1,1337,job finish
6443.985,1,1338,job start
6445.654,2,1337,job finish
6445.654,2,1338,job start
6446.008,0,1342,job finish
6446.008,0,1343,job start
6446.112,4,1332,job finish
6446.112,4,1333,job start
6446.845,1,1338,job finish
6446.845,1,1339,job start
6449.49,2,1338,job finish
6449.49,2,1339,job start
6449.769,0,1343,job finish
6449.769,0,1344,job start
6450.401,1,1339,job finish
6450.401,1,1340,job start
6451.95,3,1336,job finish
6451.95,3,1337,job start
6452.1,2,1339,job finish
6452.1,2,1340,job start
6453.013,4,1333,job finish
6453.013,4,1334,job start
6453.226,0,1344,job finish
6453.226,0,1345,job start
6454.113,2,1340,job finish
6454.204,3,1337,job finish
6454.204,3,1338,job start
6456.42,0,1345,job finish
6457.552,3,1338,job finish
6457.552,3,1339,job start
6458.178,4,1334,job finish
6458.178,4,1335,job start
6458.277,1,1340,job finish
6458.277,2,1341,job start
6458.277,1,1341,job start
6458.277,0,1346,job start
6461.055,0,1346,job finish
6461.795,1,1341,job finish
6461.795,1,1342,job start
6461.795,0,1347,job start
6462.181,3,1339,job finish
6462.181,3,1340,job start
6462.739,4,1335,job finish
6462.739,4,1336,job start
6462.863,2,1341,job finish
6462.863,2,1342,job start
6465.752,0,1347,job finish
6466.264,4,1336,job finish
6466.264,4,1337,job start
6467.134,3,1340,job finish
6467.134,3,1341,job start
6469.493,3,1341,job finish
6469.493,3,1342,job start
6469.723,4,1337,job finish
6469.723,4,1338,job start
6469.85,1,1342,job finish
6469.85,1,1343,job start
6469.85,0,1348,job start
6472.121,2,1342,job finish
6472.121,2,1343,job start
6473.018,4,1338,job finish
6473.018,4,1339,job start
6473.971,1,1343,job finish
6473.971,1,1344,job start
6474.443,0,1348,job finish
6474.443,0,1349,job start
6475.924,4,1339,job finish
6475.924,4,1340,job start
6476.777,1,1344,job finish
6476.777,1,1345,job start
6477.21,3,1342,job finish
6477.21,3,1343,job start
6477.274,0,1349,job finish
6477.274,0,1350,job start
6479.62,4,1340,job finish
6479.62,4,1341,job start
6479.738,1,1345,job finish
6479.738,1,1346,job start
6480.141,2,1343,job finish
6480.141,2,1344,job start
6480.799,3,1343,job finish
6480.799,3,1344,job start
6481.996,0,1350,job finish
6481.996,0,1351,job start
6483.078,2,1344,job finish
6483.078,2,1345,job start
6483.47,3,1344,job finish
6483.47,3,1345,job start
6483.578,1,1346,job finish
6483.578,1,1347,job start
6484.226,0,1351,job finish
6484.226,0,1352,job start
6484.323,4,1341,job finish
6484.323,4,1342,job start
6487.061,4,1342,job finish
6487.061,4,1343,job start
6488.732,2,1345,job finish
6488.732,2,1346,job start
6489.562,4,1343,job finish
6489.562,4,1344,job start
6489.704,1,1347,job finish
6489.704,1,1348,job start
6489.908,3,1345,job finish
6489.908,3,1346,job start
6490.565,0,1352,job finish
6490.565,0,1353,job start
6491.365,2,1346,job finish
6491.365,2,1347,job start
6494.17,4,1344,job finish
6494.17,4,1345,job start
6494.69,2,1347,job finish
6494.69,2,1348,job start
6494.822,0,1353,job finish
6495.505,3,1346,job finish
6495.505,3,1347,job start
6495.936,1,1348,job finish
6495.936,1,1349,job start
6495.936,0,1354,job start
6496.456,4,1345,job finish
6496.456,4,1346,job start
6498.584,4,1346,job finish
6498.584,4,1347,job start
6498.965,1,1349,job finish
6498.965,1,1350,job start
6499.205,0,1354,job finish
6499.205,0,1355,job start
6500.398,3,1347,job finish
6500.398,3,1348,job start
6500.427,2,1348,job finish
6500.427,2,1349,job start
6502.197,4,1347,job finish
6502.197,4,1348,job start
6503.081,1,1350,job finish
6503.081,1,1351,job start
6503.359,3,1348,job finish
6503.359,3,1349,job start
6503.367,0,1355,job finish
6503.367,0,1356,job start
6504.242,4,1348,job finish
6504.242,4,1349,job start
6505.649,0,1356,job finish
6506.282,3,1349,job finish
6506.598,4,1349,job finish
6506.598,4,1350,job start
6508.469,2,1349,job finish
6508.469,3,1350,job start
6508.469,2,1350,job start
6510.747,2,1350,job finish
6510.747,2,1351,job start
6511.836,1,1351,job finish
6511.836,1,1352,job start
6511.836,0,1357,job start
6512.138,3,1350,job finish
6512.138,3,1351,job start
6515.132,1,1352,job finish
6515.132,1,1353,job start
6516.112,0,1357,job finish
6516.112,0,1358,job start
6516.458,2,1351,job finish
6516.458,2,1352,job start
6517.773,4,1350,job finish
6517.773,4,1351,job start
6517.891,1,1353,job finish
6517.891,1,1354,job start
6519.287,2,1352,job finish
6519.287,2,1353,job start
6520.896,0,1358,job finish
6520.896,0,1359,job start
6521.042,4,1351,job finish
6521.045,1,1354,job finish
6521.045,1,1355,job start
6523.136,2,1353,job finish
6523.136,2,1354,job start
6524.189,0,1359,job finish
6524.189,0,1360,job start
6526.147,2,1354,job finish
6526.147,2,1355,job start
6526.834,0,1360,job finish
6527.303,3,1351,job finish
6527.303,4,1352,job start
6527.303,3,1352,job start
6529.663,4,1352,job finish
6531.757,1,1355,job finish
6531.757,1,1356,job start
6531.757,0,1361,job start
6531.967,2,1355,job finish
6531.967,2,1356,job start
6533.849,0,1361,job finish
6534.024,1,1356,job finish
6534.024,1,1357,job start
6534.024,0,1362,job start
6534.303,2,1356,job finish
6534.303,2,1357,job start
6537.0,3,1352,job finish
6537.0,4,1353,job start
6537.0,3,1353,job start
6538.379,2,1357,job finish
6538.403,0,1362,job finish
6539.377,3,1353,job finish
6539.377,3,1354,job start
6540.148,4,1353,job finish
6540.148,4,1354,job start
6541.929,3,1354,job finish
6541.929,3,1355,job start
6542.645,1,1357,job finish
6542.645,2,1358,job start
6542.645,1,1358,job start
6542.645,0,1363,job start
6545.07,4,1354,job finish
6545.07,4,1355,job start
6545.74,3,1355,job finish
6545.74,3,1356,job start
6545.825,0,1363,job finish
6547.276,4,1355,job finish
6547.276,4,1356,job start
6547.566,2,1358,job finish
6548.663,1,1358,job finish
6548.663,2,1359,job start
6548.663,1,1359,job start
6548.663,0,1364,job start
6550.734,0,1364,job finish
6550.926,4,1356,job finish
6551.463,3,1356,job finish
6551.463,4,1357,job start
6551.463,3,1357,job start
6552.048,2,1359,job finish
6553.989,4,1357,job finish
6555.303,1,1359,job finish
6555.303,2,1360,job start
6555.303,1,1360,job start
6555.303,0,1365,job start
6557.771,2,1360,job finish
6557.892,0,1365,job finish
6559.033,1,1360,job finish
6559.033,2,1361,job start
6559.033,1,1361,job start
6559.033,0,1366,job start
6561.247,2,1361,job finish
6561.842,3,1357,job finish
6561.842,4,1358,job start
6561.842,3,1358,job start
6561.942,0,1366,job finish
6562.892,1,1361,job finish
6562.892,2,1362,job start
6562.892,1,1362,job start
6562.892,0,1367,job start
6565.225,2,1362,job finish
6567.84,1,1362,job finish
6567.84,2,1363,job start
6567.84,1,1363,job start
6568.128,3,1358,job finish
6568.128,3,1359,job start
6568.287,4,1358,job finish
6568.287,4,1359,job start
6569.131,0,1367,job finish
6569.131,0,1368,job start
6570.273,2,1363,job finish
6571.063,4,1359,job finish
6572.32,0,1368,job finish
6572.572,1,1363,job finish
6572.572,2,1364,job start
6572.572,1,1364,job start
6572.572,0,1369,job start
6574.979,0,1369,job finish
6575.733,3,1359,job finish
6575.733,4,1360,job start
6575.733,3,1360,job start
6578.011,3,1360,job finish
6578.011,3,1361,job start
6580.513,3,1361,job finish
6580.513,3,1362,job start
6580.901,2,1364,job finish
6582.623,4,1360,job finish
6582.623,4,1361,job start
6582.844,1,1364,job finish
6582.844,2,1365,job start
6582.844,1,1365,job start
6582.844,0,1370,job start
6585.129,2,1365,job finish
6586.699,0,1370,job finish
6586.879,4,1361,job finish
6586.879,4,1362,job start
6587.416,3,1362,job finish
6587.416,3,1363,job start
6590.236,3,1363,job finish
6590.236,3,1364,job start
6590.623,1,1365,job finish
6590.623,2,1366,job start
6590.623,1,1366,job start
6590.623,0,1371,job start
6592.696,2,1366,job finish
6593.01,3,1364,job finish
6593.01,3,1365,job start
6593.232,4,1362,job finish
6593.232,4,1363,job start
6594.046,1,1366,job finish
6594.046,2,1367,job start
6594.046,1,1367,job start
6594.866,0,1371,job finish
6594.866,0,1372,job start
6595.399,3,1365,job finish
6595.399,3,1366,job start
6595.408,4,1363,job finish
6595.408,4,1364,job start
6596.687,2,1367,job finish
6597.668,1,1367,job finish
6597.668,2,1368,job start
6597.668,1,1368,job start
6598.439,4,1364,job finish
6598.439,4,1365,job start
6599.959,2,1368,job finish
6601.456,3,1366,job finish
6601.456,3,1367,job start
6603.653,0,1372,job finish
6603.653,0,1373,job start
6603.943,1,1368,job finish
6603.943,2,1369,job start
6603.943,1,1369,job start
6604.86,4,1365,job finish
6604.86,4,1366,job start
6605.549,3,1367,job finish
6605.549,3,1368,job start
6606.391,1,1369,job finish
6606.391,1,1370,job start
6607.427,4,1366,job finish
6607.427,4,1367,job start
6608.301,0,1373,job finish
6608.301,0,1374,job start
6608.72,1,1370,job finish
6608.72,1,1371,job start
6609.84,2,1369,job finish
6609.84,2,1370,job start
6612.282,4,1367,job finish
6612.282,4,1368,job start
6612.906,1,1371,job finish
6612.906,1,1372,job start
6613.152,0,1374,job finish
6613.152,0,1375,job start
6613.543,2,1370,job finish
6613.543,2,1371,job start
6614.404,4,1368,job finish
6614.88,3,1368,job finish
6614.88,4,1369,job start
6614.88,3,1369,job start
6615.927,1,1372,job finish
6615.927,1,1373,job start
6616.508,2,1371,job finish
6616.508,2,1372,job start
6617.348,4,1369,job finish
6618.455,1,1373,job finish
6618.455,1,1374,job start
6620.129,3,1369,job finish
6620.129,4,1370,job start
6620.129,3,1370,job start
6620.913,1,1374,job finish
6620.913,1,1375,job start
6621.123,2,1372,job finish
6621.123,2,1373,job start
6621.749,0,1375,job finish
6621.749,0,1376,job start
6623.9,3,1370,job finish
6623.9,3,1371,job start
6624.806,2,1373,job finish
6624.806,2,1374,job start
6625.315,1,1375,job finish
6625.315,1,1376,job start
6626.263,4,1370,job finish
6626.263,4,1371,job start
6627.322,3,1371,job finish
6627.322,3,1372,job start
6628.263,4,1371,job finish
6628.263,4,1372,job start
6628.988,0,1376,job finish
6628.988,0,1377,job start
6629.795,2,1374,job finish
6629.795,2,1375,job start
6630.962,3,1372,job finish
6630.962,3,1373,job start
6631.418,1,1376,job finish
6631.418,1,1377,job start
6632.22,0,1377,job finish
6632.22,0,1378,job start
6633.401,2,1375,job finish
6633.401,2,1376,job start
6634.661,4,1372,job finish
6634.661,4,1373,job start
6634.793,0,1378,job finish
6634.793,0,1379,job start
6635.611,3,1373,job finish
6635.611,3,1374,job start
6636.103,2,1376,job finish
6636.103,2,1377,job start
6636.228,1,1377,job finish
6636.228,1,1378,job start
6637.462,0,1379,job finish
6637.462,0,1380,job start
6637.688,4,1373,job finish
6637.688,4,1374,job start
6637.975,3,1374,job finish
6637.975,3,1375,job start
6639.925,4,1374,job finish
6639.925,4,1375,job start
6641.098,1,1378,job finish
6641.098,1,1379,job start
6642.112,3,1375,job finish
6642.112,3,1376,job start
6643.711,4,1375,job finish
6643.711,4,1376,job start
6644.703,1,1379,job finish
6644.703,1,1380,job start
6645.052,2,1377,job finish
6645.052,2,1378,job start
6645.126,0,1380,job finish
6645.126,0,1381,job start
6645.181,3,1376,job finish
6645.181,3,1377,job start
6645.913,4,1376,job finish
6645.913,4,1377,job start
6647.27,2,1378,job finish
6647.27,2,1379,job start
6647.414,1,1380,job finish
6647.414,1,1381,job start
6647.633,3,1377,job finish
6647.633,3,1378,job start
6647.985,4,1377,job finish
6647.985,4,1378,job start
6648.669,0,1381,job finish
6648.669,0,1382,job start
6649.725,1,1381,job finish
6649.725,1,1382,job start
6652.384,2,1379,job finish
6652.384,2,1380,job start
6653.337,1,1382,job finish
6655.502,0,1382,job finish
6655.502,1,1383,job start
6655.502,0,1383,job start
6655.655,4,1378,job finish
6655.665,3,1378,job finish
6655.665,4,1379,job start
6655.665,3,1379,job start
6657.851,2,1380,job finish
6657.851,2,1381,job start
6658.488,0,1383,job finish
6658.488,0,1384,job start
6658.955,4,1379,job finish
6659.066,1,1383,job finish
6659.066,1,1384,job start
6661.476,2,1381,job finish
6661.476,2,1382,job start
6662.32,1,1384,job finish
6662.972,0,1384,job finish
6662.972,1,1385,job start
6662.972,0,1385,job start
6663.117,3,1379,job finish
6663.117,4,1380,job start
6663.117,3,1380,job start
6665.172,4,1380,job finish
6667.469,1,1385,job finish
6667.674,2,1382,job finish
6667.674,2,1383,job start
6668.191,0,1385,job finish
6668.191,1,1386,job start
6668.191,0,1386,job start
6668.574,3,1380,job finish
6668.574,4,1381,job start
6668.574,3,1381,job start
6670.141,2,1383,job finish
6670.141,2,1384,job start
6670.386,0,1386,job finish
6670.386,0,1387,job start
6671.748,1,1386,job finish
6671.748,1,1387,job start
6672.122,4,1381,job finish
6672.46,3,1381,job finish
6672.46,4,1382,job start
6672.46,3,1382,job start
6673.224,2,1384,job finish
6673.224,2,1385,job start
6674.264,0,1387,job finish
6674.264,0,1388,job start
6675.751,4,1382,job finish
6676.218,3,1382,job finish
6676.218,4,1383,job start
6676.218,3,1383,job start
6677.833,2,1385,job finish
6677.833,2,1386,job start
6678.907,4,1383,job finish
6679.253,1,1387,job finish
6679.253,1,1388,job start
6680.024,0,1388,job finish
6680.024,0,1389,job start
6682.167,3,1383,job finish
6682.167,4,1384,job start
6682.167,3,1384,job start
6682.853,2,1386,job finish
6682.853,2,1387,job start
6682.898,1,1388,job finish
6682.898,1,1389,job start
6683.609,0,1389,job finish
6683.609,0,1390,job start
6684.752,4,1384,job finish
6686.261,0,1390,job finish
6686.261,0,1391,job start
6687.289,1,1389,job finish
6687.289,1,1390,job start
6687.665,3,1384,job finish
6687.665,4,1385,job start
6687.665,3,1385,job start
6688.547,2,1387,job finish
6688.547,2,1388,job start
6690.05,4,1385,job finish
6690.156,3,1385,job finish
6690.156,4,1386,job start
6690.156,3,1386,job start
6691.15,2,1388,job finish
6691.15,2,1389,job start
6691.729,0,1391,job finish
6691.729,0,1392,job start
6693.097,4,1386,job finish
6695.07,0,1392,job finish
6695.07,0,1393,job start
6697.198,3,1386,job finish
6697.198,4,1387,job start
6697.198,3,1387,job start
6697.544,2,1389,job finish
6697.544,2,1390,job start
6698.395,1,1390,job finish
6698.395,1,1391,job start
6699.121,0,1393,job finish
6699.121,0,1394,job start
6699.753,4,1387,job finish
6700.022,3,1387,job finish
6700.022,4,1388,job start
6700.022,3,1388,job start
6700.59,2,1390,job finish
6700.59,2,1391,job start
6702.375,0,1394,job finish
6702.375,0,1395,job start
6702.893,1,1391,job finish
6702.893,1,1392,job start
6704.532,4,1388,job finish
6705.218,2,1391,job finish
6705.218,2,1392,job start
6705.224,1,1392,job finish
6705.224,1,1393,job start
6706.525,3,1388,job finish
6706.525,4,1389,job start
6706.525,3,1389,job start
6706.869,0,1395,job finish
6706.869,0,1396,job start
6709.201,0,1396,job finish
6709.201,0,1397,job start
6709.225,2,1392,job finish
6709.225,2,1393,job start
6709.728,4,1389,job finish
6710.389,1,1393,job finish
6710.389,1,1394,job start
6712.704,2,1393,job finish
6712.704,2,1394,job start
6712.967,3,1389,job finish
6712.967,4,1390,job start
6712.967,3,1390,job start
6713.181,1,1394,job finish
6713.181,1,1395,job start
6713.909,0,1397,job finish
6713.909,0,1398,job start
6715.607,1,1395,job finish
6715.607,1,1396,job start
6715.713,3,1390,job finish
6715.713,3,1391,job start
6716.659,4,1390,job finish
6716.659,4,1391,job start
6718.397,1,1396,job finish
6718.397,1,1397,job start
6718.907,3,1391,job finish
6718.907,3,1392,job start
6718.965,2,1394,job finish
6718.965,2,1395,job start
6719.771,4,1391,job finish
6719.771,4,1392,job start
6720.465,0,1398,job finish
6720.465,0,1399,job start
6721.128,1,1397,job finish
6721.128,1,1398,job start
6721.46,2,1395,job finish
6721.46,2,1396,job start
6722.135,4,1392,job finish
6723.572,1,1398,job finish
6723.572,1,1399,job start
6724.754,0,1399,job finish
6724.754,0,1400,job start
6725.065,3,1392,job finish
6725.065,4,1393,job start
6725.065,3,1393,job start
6725.548,2,1396,job finish
6725.548,2,1397,job start
6727.518,4,1393,job finish
6729.056,2,1397,job finish
6729.056,2,1398,job start
6730.278,1,1399,job finish
6730.278,1,1400,job start
6730.746,0,1400,job finish
6730.746,0,1401,job start
6731.079,3,1393,job finish
6731.079,4,1394,job start
6731.079,3,1394,job start
6732.159,2,1398,job finish
6732.159,2,1399,job start
6732.927,1,1400,job finish
6732.927,1,1401,job start
6732.996,0,1401,job finish
6732.996,0,1402,job start
6733.897,4,1394,job finish
6734.82,2,1399,job finish
6735.11,0,1402,job finish
6735.11,0,1403,job start
6736.489,1,1401,job finish
6736.489,1,1402,job start
6737.194,0,1403,job finish
6737.194,0,1404,job start
6738.292,3,1394,job finish
6738.292,4,1395,job start
6738.292,3,1395,job start
6738.292,2,1400,job start
6740.308,1,1402,job finish
6740.308,1,1403,job start
6740.735,0,1404,job finish
6740.735,0,1405,job start
6740.806,4,1395,job finish
6742.166,3,1395,job finish
6742.166,4,1396,job start
6742.166,3,1396,job start
6742.184,2,1400,job finish
6742.184,2,1401,job start
6743.398,0,1405,job finish
6743.398,0,1406,job start
6744.24,2,1401,job finish
6745.568,0,1406,job finish
6745.568,0,1407,job start
6745.589,4,1396,job finish
6747.525,1,1403,job finish
6747.525,1,1404,job start
6749.497,0,1407,job finish
6749.497,0,1408,job start
6750.013,3,1396,job finish
6750.013,4,1397,job start
6750.013,3,1397,job start
6750.013,2,1402,job start
6750.313,1,1404,job finish
6750.313,1,1405,job start
6751.543,0,1408,job finish
6751.543,0,1409,job start
6752.025,2,1402,job finish
6752.772,4,1397,job finish
6754.073,3,1397,job finish
6754.073,4,1398,job start
6754.073,3,1398,job start
6754.073,2,1403,job start
6755.055,1,1405,job finish
6755.055,1,1406,job start
6756.199,4,1398,job finish
6756.917,2,1403,job finish
6757.293,3,1398,job finish
6757.293,4,1399,job start
6757.293,3,1399,job start
6757.293,2,1404,job start
6757.568,1,1406,job finish
6757.568,1,1407,job start
6759.772,4,1399,job finish
6760.608,0,1409,job finish
6760.608,0,1410,job start
6761.461,3,1399,job finish
6761.461,4,1400,job start
6761.461,3,1400,job start
6761.555,1,1407,job finish
6761.555,1,1408,job start
6762.725,0,1410,job finish
6762.725,0,1411,job start
6763.947,3,1400,job finish
6763.947,3,1401,job start
6763.96,1,1408,job finish
6763.96,1,1409,job start
6764.613,2,1404,job finish
6764.613,2,1405,job start
6766.714,3,1401,job finish
6766.714,3,1402,job start
6766.878,2,1405,job finish
6766.878,2,1406,job start
6767.409,0,1411,job finish
6767.409,0,1412,job start
6767.732,4,1400,job finish
6767.732,4,1401,job start
6769.191,1,1409,job finish
6769.191,1,1410,job start
6769.561,0,1412,job finish
6769.561,0,1413,job start
6770.341,4,1401,job finish
6770.341,4,1402,job start
6772.911,1,1410,job finish
6772.911,1,1411,job start
6773.059,4,1402,job finish
6773.368,3,1402,job finish
6773.368,4,1403,job start
6773.368,3,1403,job start
6773.615,2,1406,job finish
6773.615,2,1407,job start
6776.756,0,1413,job finish
6776.756,0,1414,job start
6776.987,1,1411,job finish
6776.987,1,1412,job start
6777.422,2,1407,job finish
6777.422,2,1408,job start
6778.075,3,1403,job finish
6778.075,3,1404,job start
6779.784,2,1408,job finish
6779.784,2,1409,job start
6781.384,3,1404,job finish
6781.384,3,1405,job start
6781.4,0,1414,job finish
6781.4,0,1415,job start
6781.787,2,1409,job finish
6781.787,2,1410,job start
6782.527,1,1412,job finish
6782.527,1,1413,job start
6782.665,4,1403,job finish
6782.665,4,1404,job start
6785.273,0,1415,job finish
6785.273,0,1416,job start
6785.57,2,1410,job finish
6785.663,3,1405,job finish
6785.663,3,1406,job start
6785.663,2,1411,job start
6786.011,4,1404,job finish
6786.011,4,1405,job start
6788.531,0,1416,job finish
6788.531,0,1417,job start
6789.082,2,1411,job finish
6789.214,1,1413,job finish
6789.214,1,1414,job start
6790.3,4,1405,job finish
6790.3,4,1406,job start
6791.097,0,1417,job finish
6791.097,0,1418,job start
6791.479,1,1414,job finish
6791.479,1,1415,job start
6791.655,3,1406,job finish
6791.655,3,1407,job start
6791.655,2,1412,job start
6792.65,4,1406,job finish
6792.65,4,1407,job start
6794.032,0,1418,job finish
6794.032,0,1419,job start
6794.053,2,1412,job finish
6794.75,4,1407,job finish
6795.944,3,1407,job finish
6795.944,4,1408,job start
6795.944,3,1408,job start
6795.944,2,1413,job start
6796.633,1,1415,job finish
6796.633,1,1416,job start
6797.674,0,1419,job finish
6797.674,0,1420,job start
6798.054,4,1408,job finish
6798.433,3,1408,job finish
6798.433,4,1409,job start
6798.433,3,1409,job start
6798.57,2,1413,job finish
6798.57,2,1414,job start
6799.289,1,1416,job finish
6799.289,1,1417,job start
6800.429,0,1420,job finish
6800.429,0,1421,job start
6800.913,3,1409,job finish
6800.913,3,1410,job start
6801.66,4,1409,job finish
6801.66,4,1410,job start
6803.715,1,1417,job finish
6803.715,1,1418,job start
6803.953,0,1421,job finish
6803.953,0,1422,job start
6805.732,4,1410,job finish
6806.682,0,1422,job finish
6806.682,0,1423,job start
6806.895,3,1410,job finish
6806.895,4,1411,job start
6806.895,3,1411,job start
6807.761,2,1414,job finish
6807.761,2,1415,job start
6808.805,0,1423,job finish
6809.335,1,1418,job finish
6809.335,1,1419,job start
6809.335,0,1424,job start
6810.171,4,1411,job finish
6811.837,0,1424,job finish
6812.189,3,1411,job finish
6812.189,4,1412,job start
6812.189,3,1412,job start
6814.214,4,1412,job finish
6814.511,3,1412,job finish
6814.511,4,1413,job start
6814.511,3,1413,job start
6815.04,2,1415,job finish
6815.04,2,1416,job start
6816.245,1,1419,job finish
6816.245,1,1420,job start
6816.245,0,1425,job start
6817.081,3,1413,job finish
6817.081,3,1414,job start
6817.579,4,1413,job finish
6817.579,4,1414,job start
6818.81,0,1425,job finish
6820.145,3,1414,job finish
6820.145,3,1415,job start
6820.611,2,1416,job finish
6820.611,2,1417,job start
6821.15,1,1420,job finish
6821.15,1,1421,job start
6821.15,0,1426,job start
6822.52,4,1414,job finish
6822.52,4,1415,job start
6824.136,1,1421,job finish
6824.136,1,1422,job start
6824.898,0,1426,job finish
6824.898,0,1427,job start
6825.751,3,1415,job finish
6825.751,3,1416,job start
6826.836,4,1415,job finish
6826.836,4,1416,job start
6828.374,3,1416,job finish
6828.374,3,1417,job start
6828.584,0,1427,job finish
6829.309,4,1416,job finish
6829.309,4,1417,job start
6830.386,1,1422,job finish
6831.901,4,1417,job finish
6833.034,3,1417,job finish
6833.034,4,1418,job start
6833.834,2,1417,job finish
6833.834,3,1418,job start
6833.834,2,1418,job start
6833.834,1,1423,job start
6833.834,0,1428,job start
6835.836,4,1418,job finish
6836.882,3,1418,job finish
6836.882,4,1419,job start
6837.71,1,1423,job finish
6838.176,2,1418,job finish
6838.176,3,1419,job start
6838.176,2,1419,job start
6838.176,1,1424,job start
6839.258,0,1428,job finish
6839.258,0,1429,job start
6840.466,3,1419,job finish
6842.063,2,1419,job finish
6842.063,3,1420,job start
6842.063,2,1420,job start
6842.618,4,1419,job finish
6842.618,4,1420,job start
6844.687,3,1420,job finish
6844.734,1,1424,job finish
6844.734,1,1425,job start
6845.473,2,1420,job finish
6845.473,3,1421,job start
6845.473,2,1421,job start
6846.198,0,1429,job finish
6846.198,0,1430,job start
6846.291,4,1420,job finish
6846.291,4,1421,job start
6847.5,2,1421,job finish
6847.5,2,1422,job start
6848.25,0,1430,job finish
6848.958,4,1421,job finish
6849.136,3,1421,job finish
6849.136,4,1422,job start
6849.136,3,1422,job start
6849.757,1,1425,job finish
6849.757,1,1426,job start
6849.757,0,1431,job start
6850.477,2,1422,job finish
6850.477,2,1423,job start
6851.219,4,1422,job finish
6852.257,3,1422,job finish
6852.257,4,1423,job start
6852.257,3,1423,job start
6853.339,0,1431,job finish
6854.443,4,1423,job finish
6856.596,1,1426,job finish
6856.596,1,1427,job start
6856.596,0,1432,job start
6857.542,2,1423,job finish
6857.542,2,1424,job start
6858.917,1,1427,job finish
6858.917,1,1428,job start
6860.234,2,1424,job finish
6860.234,2,1425,job start
6860.571,3,1423,job finish
6860.571,4,1424,job start
6860.571,3,1424,job start
6861.184,1,1428,job finish
6861.184,1,1429,job start
6861.395,0,1432,job finish
6861.395,0,1433,job start
6862.373,2,1425,job finish
6862.373,2,1426,job start
6863.863,1,1429,job finish
6863.863,1,1430,job start
6864.022,0,1433,job finish
6864.022,0,1434,job start
6865.032,2,1426,job finish
6865.032,2,1427,job start
6866.467,1,1430,job finish
6866.467,1,1431,job start
6867.063,0,1434,job finish
6867.063,0,1435,job start
6867.171,3,1424,job finish
6867.171,3,1425,job start
6868.154,4,1424,job finish
6868.154,4,1425,job start
6869.771,0,1435,job finish
6869.771,0,1436,job start
6870.363,4,1425,job finish
6871.193,1,1431,job finish
6871.193,1,1432,job start
6872.203,0,1436,job finish
6872.203,0,1437,job start
6873.587,2,1427,job finish
6873.587,2,1428,job start
6874.388,1,1432,job finish
6874.388,1,1433,job start
6874.93,0,1437,job finish
6874.93,0,1438,job start
6877.94,1,1433,job finish
6878.664,0,1438,job finish
6879.161,2,1428,job finish
6879.161,2,1429,job start
6879.161,1,1434,job start
6879.161,0,1439,job start
6881.225,0,1439,job finish
6881.916,1,1434,job finish
6881.988,2,1429,job finish
6881.988,2,1430,job start
6881.988,1,1435,job start
6881.988,0,1440,job start
6885.221,2,1430,job finish
6886.546,0,1440,job finish
6886.648,1,1435,job finish
6890.647,3,1425,job finish
6890.647,4,1426,job start
6890.647,3,1426,job start
6890.647,2,1431,job start
6890.647,1,1436,job start
6890.647,0,1441,job start
6892.649,2,1431,job finish
6892.941,3,1426,job finish
6892.941,3,1427,job start
6892.941,2,1432,job start
6893.078,1,1436,job finish
6893.078,1,1437,job start
6895.316,3,1427,job finish
6895.316,3,1428,job start
6895.451,2,1432,job finish
6895.451,2,1433,job start
6896.086,1,1437,job finish
6896.086,1,1438,job start
6898.654,0,1441,job finish
6898.654,0,1442,job start
6899.667,4,1426,job finish
6899.667,4,1427,job start
6899.824,2,1433,job finish
6900.925,3,1428,job finish
6900.925,3,1429,job start
6900.925,2,1434,job start
6901.593,0,1442,job finish
6901.593,0,1443,job start
6902.115,1,1438,job finish
6902.115,1,1439,job start
6903.295,4,1427,job finish
6903.295,4,1428,job start
6904.057,0,1443,job finish
6904.057,0,1444,job start
6905.809,4,1428,job finish
6905.809,4,1429,job start
6905.872,2,1434,job finish
6906.23,0,1444,job finish
6907.778,3,1429,job finish
6907.778,3,1430,job start
6907.778,2,1435,job start
6909.881,2,1435,job finish
6910.161,3,1430,job finish
6910.161,3,1431,job start
6910.161,2,1436,job start
6910.57,1,1439,job finish
6910.57,1,1440,job start
6910.57,0,1445,job start
6912.106,4,1429,job finish
6912.106,4,1430,job start
6913.235,3,1431,job finish
6913.235,3,1432,job start
6914.446,0,1445,job finish
6914.672,2,1436,job finish
6914.672,2,1437,job start
6914.856,1,1440,job finish
6914.856,1,1441,job start
6914.856,0,1446,job start
6914.936,4,1430,job finish
6914.936,4,1431,job start
6916.699,3,1432,job finish
6916.699,3,1433,job start
6917.525,2,1437,job finish
6917.525,2,1438,job start
6917.8,0,1446,job finish
6917.987,1,1441,job finish
6917.987,1,1442,job start
6917.987,0,1447,job start
6921.068,1,1442,job finish
6921.068,1,1443,job start
6921.167,3,1433,job finish
6921.167,3,1434,job start
6922.752,4,1431,job finish
6922.752,4,1432,job start
6923.679,0,1447,job finish
6923.679,0,1448,job start
6924.3,2,1438,job finish
6924.3,2,1439,job start
6925.318,4,1432,job finish
6925.318,4,1433,job start
6926.155,1,1443,job finish
6926.155,1,1444,job start
6926.399,0,1448,job finish
6926.399,0,1449,job start
6928.241,2,1439,job finish
6929.352,3,1434,job finish
6929.352,3,1435,job start
6929.352,2,1440,job start
6929.915,0,1449,job finish
6931.089,1,1444,job finish
6931.089,1,1445,job start
6931.089,0,1450,job start
6931.708,3,1435,job finish
6931.708,3,1436,job start
6931.947,2,1440,job finish
6931.947,2,1441,job start
6932.79,4,1433,job finish
6932.79,4,1434,job start
6935.307,2,1441,job finish
6935.655,3,1436,job finish
6935.655,3,1437,job start
6935.655,2,1442,job start
6935.722,0,1450,job finish
6936.082,4,1434,job finish
6936.082,4,1435,job start
6938.616,3,1437,job finish
6938.616,3,1438,job start
6938.868,4,1435,job finish
6938.868,4,1436,job start
6940.934,4,1436,job finish
6940.934,4,1437,job start
6941.117,2,1442,job finish
6941.117,2,1443,job start
6942.791,1,1445,job finish
6942.791,1,1446,job start
6942.791,0,1451,job start
6943.008,4,1437,job finish
6943.008,4,1438,job start
6943.734,3,1438,job finish
6943.734,3,1439,job start
6945.609,1,1446,job finish
6945.609,1,1447,job start
6946.019,3,1439,job finish
6946.019,3,1440,job start
6948.002,1,1447,job finish
6948.002,1,1448,job start
6948.703,0,1451,job finish
6948.703,0,1452,job start
6948.744,4,1438,job finish
6948.744,4,1439,job start
6951.037,2,1443,job finish
6951.037,2,1444,job start
6951.077,0,1452,job finish
6951.077,0,1453,job start
6951.629,3,1440,job finish
6951.629,3,1441,job start
6953.037,4,1439,job finish
6953.037,4,1440,job start
6953.958,3,1441,job finish
6953.958,3,1442,job start
6954.413,1,1448,job finish
6954.413,1,1449,job start
6955.07,4,1440,job finish
6955.07,4,1441,job start
6955.191,0,1453,job finish
6955.191,0,1454,job start
6955.874,2,1444,job finish
6955.874,2,1445,job start
6957.169,3,1442,job finish
6957.169,3,1443,job start
6957.349,4,1441,job finish
6957.349,4,1442,job start
6957.872,0,1454,job finish
6958.708,2,1445,job finish
6958.708,2,1446,job start
6959.312,1,1449,job finish
6959.312,1,1450,job start
6959.312,0,1455,job start
6959.56,3,1443,job finish
6959.56,3,1444,job start
6959.756,4,1442,job finish
6959.756,4,1443,job start
6961.931,0,1455,job finish
6963.19,1,1450,job finish
6963.19,1,1451,job start
6963.19,0,1456,job start
6964.825,2,1446,job finish
6964.825,2,1447,job start
6965.297,3,1444,job finish
6965.297,3,1445,job start
6966.324,1,1451,job finish
6966.324,1,1452,job start
6966.359,0,1456,job finish
6966.359,0,1457,job start
6967.918,4,1443,job finish
6967.918,4,1444,job start
6968.475,3,1445,job finish
6968.475,3,1446,job start
6968.679,0,1457,job finish
6968.69,2,1447,job finish
6968.69,2,1448,job start
6970.345,1,1452,job finish
6970.345,1,1453,job start
6970.345,0,1458,job start
6970.735,4,1444,job finish
6970.735,4,1445,job start
6971.066,2,1448,job finish
6971.066,2,1449,job start
6973.308,3,1446,job finish
6973.308,3,1447,job start
6973.694,2,1449,job finish
6973.694,2,1450,job start
6974.051,0,1458,job finish
6974.352,4,1445,job finish
6974.352,4,1446,job start
6975.975,2,1450,job finish
6975.975,2,1451,job start
6976.353,1,1453,job finish
6976.353,1,1454,job start
6976.353,0,1459,job start
6976.658,4,1446,job finish
6976.658,4,1447,job start
6977.983,2,1451,job finish
6977.983,2,1452,job start
6978.65,0,1459,job finish
6978.942,4,1447,job finish
6979.678,1,1454,job finish
6979.678,1,1455,job start
6979.678,0,1460,job start
6981.494,2,1452,job finish
6981.93,0,1460,job finish
6987.471,3,1447,job finish
6987.471,4,1448,job start
6987.471,3,1448,job start
6987.471,2,1453,job start
6987.697,1,1455,job finish
6987.697,1,1456,job start
6987.697,0,1461,job start
6990.363,2,1453,job finish
6990.532,0,1461,job finish
6991.629,1,1456,job finish
6991.629,1,1457,job start
6991.629,0,1462,job start
6991.728,3,1448,job finish
6991.728,3,1449,job start
6991.728,2,1454,job start
6992.019,4,1448,job finish
6992.019,4,1449,job start
6993.98,1,1457,job finish
6993.98,1,1458,job start
6995.183,3,1449,job finish
6995.183,3,1450,job start
6995.374,0,1462,job finish
6995.374,0,1463,job start
6996.728,4,1449,job finish
6996.728,4,1450,job start
6997.148,2,1454,job finish
6997.148,2,1455,job start
6997.569,0,1463,job finish
6999.66,1,1458,job finish
6999.66,1,1459,job start
6999.66,0,1464,job start
6999.73,3,1450,job finish
6999.73,3,1451,job start
7000.165,2,1455,job finish
7000.165,2,1456,job start
7000.531,4,1450,job finish
7000.531,4,1451,job start
7001.929,1,1459,job finish
7001.929,1,1460,job start
7002.198,2,1456,job finish
7002.674,0,1464,job finish
7002.674,0,1465,job start
7003.118,3,1451,job finish
7003.118,3,1452,job start
7003.118,2,1457,job start
7004.501,1,1460,job finish
7004.501,1,1461,job start
7005.864,4,1451,job finish
7005.864,4,1452,job start
7006.209,2,1457,job finish
7006.675,3,1452,job finish
7006.675,3,1453,job start
7006.675,2,1458,job start
7006.785,1,1461,job finish
7006.785,1,1462,job start
7007.323,0,1465,job finish
7007.323,0,1466,job start
7008.561,4,1452,job finish
7008.561,4,1453,job start
7008.932,3,1453,job finish
7008.932,3,1454,job start
7009.796,0,1466,job finish
7009.796,0,1467,job start
7010.074,1,1462,job finish
7010.074,1,1463,job start
7011.198,4,1453,job finish
7011.198,4,1454,job start
7013.468,2,1458,job finish
7013.468,2,1459,job start
7013.552,4,1454,job finish
7013.623,1,1463,job finish
7013.623,1,1464,job start
7014.858,0,1467,job finish
7014.858,0,1468,job start
7015.359,3,1454,job finish
7015.359,4,1455,job start
7015.359,3,1455,job start
7017.53,1,1464,job finish
7017.942,4,1455,job finish
7018.593,0,1468,job finish
7018.593,0,1469,job start
7018.689,3,1455,job finish
7018.689,4,1456,job start
7018.689,3,1456,job start
7021.076,4,1456,job finish
7021.624,3,1456,job finish
7021.624,4,1457,job start
7021.624,3,1457,job start
7021.968,0,1469,job finish
7024.016,4,1457,job finish
7024.413,3,1457,job finish
7024.413,4,1458,job start
7024.413,3,1458,job start
7027.59,3,1458,job finish
7027.59,3,1459,job start
7027.995,2,1459,job finish
7027.995,2,1460,job start
7027.995,1,1465,job start
7027.995,0,1470,job start
7029.15,4,1458,job finish
7029.15,4,1459,job start
7030.878,3,1459,job finish
7030.878,3,1460,job start
7031.229,4,1459,job finish
7031.229,4,1460,job start
7032.046,1,1465,job finish
7033.27,4,1460,job finish
7034.069,0,1470,job finish
7037.397,2,1460,job finish
7037.397,2,1461,job start
7037.397,1,1466,job start
7037.397,0,1471,job start
7040.536,0,1471,job finish
7041.724,2,1461,job finish
7041.724,2,1462,job start
7042.17,1,1466,job finish
7042.17,1,1467,job start
7042.17,0,1472,job start
7044.228,2,1462,job finish
7044.228,2,1463,job start
7044.868,0,1472,job finish
7044.913,1,1467,job finish
7044.913,1,1468,job start
7044.913,0,1473,job start
7046.209,3,1460,job finish
7046.209,4,1461,job start
7046.209,3,1461,job start
7046.821,2,1463,job finish
7046.821,2,1464,job start
7047.529,1,1468,job finish
7047.529,1,1469,job start
7047.633,0,1473,job finish
7047.633,0,1474,job start
7049.247,3,1461,job finish
7049.247,3,1462,job start
7049.338,4,1461,job finish
7049.338,4,1462,job start
7052.318,2,1464,job finish
7052.318,2,1465,job start
7052.429,4,1462,job finish
7052.487,0,1474,job finish
7053.828,3,1462,job finish
7053.828,4,1463,job start
7053.828,3,1463,job start
7054.252,1,1469,job finish
7054.252,1,1470,job start
7054.252,0,1475,job start
7056.56,3,1463,job finish
7056.56,3,1464,job start
7056.603,0,1475,job finish
7056.654,1,1470,job finish
7057.201,4,1463,job finish
7057.201,4,1464,job start
7058.262,2,1465,job finish
7058.262,2,1466,job start
7058.262,1,1471,job start
7058.262,0,1476,job start
7058.869,3,1464,job finish
7058.869,3,1465,job start
7059.967,4,1464,job finish
7059.967,4,1465,job start
7061.592,3,1465,job finish
7061.592,3,1466,job start
7061.674,0,1476,job finish
7061.991,4,1465,job finish
7061.991,4,1466,job start
7062.738,2,1466,job finish
7062.738,2,1467,job start
7063.116,1,1471,job finish
7063.116,1,1472,job start
7063.116,0,1477,job start
7064.344,3,1466,job finish
7064.344,3,1467,job start
7066.164,2,1467,job finish
7066.164,2,1468,job start
7066.546,4,1466,job finish
7066.546,4,1467,job start
7067.456,1,1472,job finish
7067.456,1,1473,job start
7068.249,0,1477,job finish
7068.249,0,1478,job start
7068.847,2,1468,job finish
7068.847,2,1469,job start
7070.098,4,1467,job finish
7070.484,0,1478,job finish
7070.791,3,1467,job finish
7070.791,4,1468,job start
7070.791,3,1468,job start
7071.362,1,1473,job finish
7071.362,1,1474,job start
7071.362,0,1479,job start
7073.682,3,1468,job finish
7073.682,3,1469,job start
7074.496,2,1469,job finish
7074.496,2,1470,job start
7074.989,0,1479,job finish
7076.572,4,1468,job finish
7076.572,4,1469,job start
7076.668,2,1470,job finish
7076.668,2,1471,job start
7077.153,1,1474,job finish
7077.153,1,1475,job start
7077.153,0,1480,job start
7078.901,4,1469,job finish
7079.987,1,1475,job finish
7079.987,1,1476,job start
7080.054,3,1469,job finish
7080.054,4,1470,job start
7080.054,3,1470,job start
7082.77,3,1470,job finish
7082.77,3,1471,job start
7083.069,2,1471,job finish
7083.069,2,1472,job start
7083.311,1,1476,job finish
7083.311,1,1477,job start
7084.208,0,1480,job finish
7084.208,0,1481,job start
7085.829,4,1470,job finish
7085.829,4,1471,job start
7086.761,0,1481,job finish
7086.761,0,1482,job start
7086.88,2,1472,job finish
7086.88,2,1473,job start
7086.895,3,1471,job finish
7086.895,3,1472,job start
7087.166,1,1477,job finish
7087.166,1,1478,job start
7089.153,4,1471,job finish
7089.153,4,1472,job start
7089.181,0,1482,job finish
7089.181,0,1483,job start
7089.253,2,1473,job finish
7089.253,2,1474,job start
7091.643,0,1483,job finish
7091.784,2,1474,job finish
7091.784,2,1475,job start
7092.72,4,1472,job finish
7094.206,2,1475,job finish
7094.206,2,1476,job start
7094.549,1,1478,job finish
7094.549,1,1479,job start
7094.549,0,1484,job start
7095.815,3,1472,job finish
7095.815,4,1473,job start
7095.815,3,1473,job start
7097.136,1,1479,job finish
7097.136,1,1480,job start
7097.588,2,1476,job finish
7097.588,2,1477,job start
7097.632,0,1484,job finish
7097.632,0,1485,job start
7098.406,3,1473,job finish
7098.406,3,1474,job start
7100.344,1,1480,job finish
7100.344,1,1481,job start
7100.414,2,1477,job finish
7100.414,2,1478,job start
7100.459,4,1473,job finish
7100.459,4,1474,job start
7101.295,0,1485,job finish
7101.295,0,1486,job start
7102.022,3,1474,job finish
7102.022,3,1475,job start
7102.684,2,1478,job finish
7102.684,2,1479,job start
7103.615,1,1481,job finish
7103.615,1,1482,job start
7104.629,0,1486,job finish
7104.629,0,1487,job start
7104.687,3,1475,job finish
7104.687,3,1476,job start
7105.189,2,1479,job finish
7105.189,2,1480,job start
7107.145,3,1476,job finish
7107.145,3,1477,job start
7107.532,4,1474,job finish
7107.532,4,1475,job start
7109.295,0,1487,job finish
7109.573,1,1482,job finish
7109.573,1,1483,job start
7109.573,0,1488,job start
7110.683,3,1477,job finish
7110.683,3,1478,job start
7110.881,2,1480,job finish
7110.881,2,1481,job start
7111.117,4,1475,job finish
7111.117,4,1476,job start
7113.042,3,1478,job finish
7113.042,3,1479,job start
7114.052,4,1476,job finish
7114.052,4,1477,job start
7114.502,0,1488,job finish
7114.561,1,1483,job finish
7114.561,1,1484,job start
7114.561,0,1489,job start
7115.806,3,1479,job finish
7115.806,3,1480,job start
7116.873,0,1489,job finish
7117.976,1,1484,job finish
7117.976,1,1485,job start
7117.976,0,1490,job start
7117.977,4,1477,job finish
7117.977,4,1478,job start
7118.223,3,1480,job finish
7118.223,3,1481,job start
7120.172,2,1481,job finish
7120.172,2,1482,job start
7120.325,0,1490,job finish
7121.99,4,1478,job finish
7121.99,4,1479,job start
7122.779,3,1481,job finish
7122.779,3,1482,job start
7123.058,1,1485,job finish
7123.058,1,1486,job start
7123.058,0,1491,job start
7125.299,4,1479,job finish
7125.299,4,1480,job start
7127.224,1,1486,job finish
7127.224,1,1487,job start
7128.12,2,1482,job finish
7128.12,2,1483,job start
7128.809,3,1482,job finish
7128.809,3,1483,job start
7130.695,1,1487,job finish
7130.695,1,1488,job start
7130.785,0,1491,job finish
7130.785,0,1492,job start
7130.908,4,1480,job finish
7130.908,4,1481,job start
7131.228,3,1483,job finish
7131.4,2,1483,job finish
7131.4,3,1484,job start
7131.4,2,1484,job start
7133.283,4,1481,job finish
7133.283,4,1482,job start
7134.707,1,1488,job finish
7134.707,1,1489,job start
7135.169,3,1484,job finish
7135.451,4,1482,job finish
7135.451,4,1483,job start
7135.873,0,1492,job finish
7135.873,0,1493,job start
7136.823,2,1484,job finish
7136.823,3,1485,job start
7136.823,2,1485,job start
7138.308,0,1493,job finish
7138.308,0,1494,job start
7139.462,3,1485,job finish
7139.98,4,1483,job finish
7139.98,4,1484,job start
7140.081,1,1489,job finish
7140.081,1,1490,job start
7141.188,0,1494,job finish
7141.188,0,1495,job start
7142.141,2,1485,job finish
7142.141,3,1486,job start
7142.141,2,1486,job start
7143.288,0,1495,job finish
7143.585,1,1490,job finish
7143.585,1,1491,job start
7143.585,0,1496,job start
7144.721,4,1484,job finish
7144.721,4,1485,job start
7145.431,3,1486,job finish
7145.696,0,1496,job finish
7147.746,4,1485,job finish
7147.746,4,1486,job start
7147.948,1,1491,job finish
7148.268,2,1486,job finish
7148.268,3,1487,job start
7148.268,2,1487,job start
7148.268,1,1492,job start
7148.268,0,1497,job start
7150.517,0,1497,job finish
7150.705,2,1487,job finish
7150.705,2,1488,job start
7150.764,3,1487,job finish
7150.764,3,1488,job start
7152.646,1,1492,job finish
7152.646,1,1493,job start
7152.646,0,1498,job start
7153.535,4,1486,job finish
7153.535,4,1487,job start
7153.934,3,1488,job finish
7154.77,0,1498,job finish
7155.228,2,1488,job finish
7155.228,3,1489,job start
7155.228,2,1489,job start
7155.245,1,1493,job finish
7155.245,1,1494,job start
7155.245,0,1499,job start
7156.168,4,1487,job finish
7156.168,4,1488,job start
7157.637,3,1489,job finish
7158.471,4,1488,job finish
7158.471,4,1489,job start
7158.948,0,1499,job finish
7161.277,4,1489,job finish
7161.277,4,1490,job start
7161.608,1,1494,job finish
7164.703,2,1489,job finish
7164.703,3,1490,job start
7164.703,2,1490,job start
7164.703,1,1495,job start
7164.703,0,1500,job start
7164.753,4,1490,job finish
7166.909,0,1500,job finish
7168.201,3,1490,job finish
7168.201,4,1491,job start
7168.241,1,1495,job finish
7168.341,2,1490,job finish
7168.341,3,1491,job start
7168.341,2,1491,job start
7168.341,1,1496,job start
7168.341,0,1501,job start
7170.798,4,1491,job finish
7170.841,2,1491,job finish
7170.841,2,1492,job start
7171.026,1,1496,job finish
7171.026,1,1497,job start
7172.007,0,1501,job finish
7172.007,0,1502,job start
7172.034,3,1491,job finish
7172.034,4,1492,job start
7172.034,3,1492,job start
7173.246,2,1492,job finish
7173.246,2,1493,job start
7174.525,4,1492,job finish
7175.181,3,1492,job finish
7175.181,4,1493,job start
7175.181,3,1493,job start
7175.645,2,1493,job finish
7175.645,2,1494,job start
7175.904,1,1497,job finish
7175.904,1,1498,job start
7176.218,0,1502,job finish
7176.218,0,1503,job start
7178.144,3,1493,job finish
7178.144,3,1494,job start
7178.621,2,1494,job finish
7178.621,2,1495,job start
7178.898,4,1493,job finish
7178.898,4,1494,job start
7179.584,0,1503,job finish
7180.376,1,1498,job finish
7180.376,1,1499,job start
7180.376,0,1504,job start
7180.894,3,1494,job finish
7180.894,3,1495,job start
7181.439,4,1494,job finish
7181.439,4,1495,job start
7182.4,2,1495,job finish
7182.4,2,1496,job start
7182.96,1,1499,job finish
7182.96,1,1500,job start
7183.668,0,1504,job finish
7183.668,0,1505,job start
7184.904,4,1495,job finish
7185.256,2,1496,job finish
7185.256,2,1497,job start
7185.695,3,1495,job finish
7185.695,4,1496,job start
7185.695,3,1496,job start
7185.785,1,1500,job finish
7185.785,1,1501,job start
7187.291,2,1497,job finish
7187.291,2,1498,job start
7187.975,3,1496,job finish
7187.975,3,1497,job start
7188.423,0,1505,job finish
7188.423,0,1506,job start
7189.675,1,1501,job finish
7189.675,1,1502,job start
7190.996,0,1506,job finish
7190.996,0,1507,job start
7191.393,4,1496,job finish
7191.393,4,1497,job start
7191.449,2,1498,job finish
7191.449,2,1499,job start
7191.996,3,1497,job finish
7191.996,3,1498,job start
7192.097,1,1502,job finish
7192.097,1,1503,job start
7193.741,4,1497,job finish
7193.741,4,1498,job start
7194.245,2,1499,job finish
7194.245,2,1500,job start
7194.859,1,1503,job finish
7194.859,1,1504,job start
7196.014,4,1498,job finish
7196.942,3,1498,job finish
7196.942,4,1499,job start
7196.942,3,1499,job start
7197.347,1,1504,job finish
7197.347,1,1505,job start
7198.557,2,1500,job finish
7198.557,2,1501,job start
7199.721,3,1499,job finish
7199.721,3,1500,job start
7200.55,1,1505,job finish
7200.55,1,1506,job start
7200.644,2,1501,job finish
7200.644,2,1502,job start
7203.196,4,1499,job finish
7203.196,4,1500,job start
7203.385,3,1500,job finish
7203.385,3,1501,job start
7204.698,0,1507,job finish
7204.698,0,1508,job start
7206.091,3,1501,job finish
7206.091,3,1502,job start
7207.206,1,1506,job finish
7207.206,1,1507,job start
7207.421,2,1502,job finish
7207.421,2,1503,job start
7208.254,4,1500,job finish
7208.254,4,1501,job start
7209.156,3,1502,job finish
7209.156,3,1503,job start
7209.284,0,1508,job finish
7209.284,0,1509,job start
7210.384,1,1507,job finish
7210.384,1,1508,job start
7210.699,2,1503,job finish
7210.699,2,1504,job start
7211.978,4,1501,job finish
7211.978,4,1502,job start
7212.926,0,1509,job finish
7212.926,0,1510,job start
7214.339,2,1504,job finish
7214.339,2,1505,job start
7214.974,4,1502,job finish
7214.974,4,1503,job start
7215.644,1,1508,job finish
7215.644,1,1509,job start
7216.603,3,1503,job finish
7216.603,3,1504,job start
7217.346,4,1503,job finish
7217.346,4,1504,job start
7217.652,2,1505,job finish
7217.652,2,1506,job start
7218.104,1,1509,job finish
7218.104,1,1510,job start
7219.169,3,1504,job finish
7219.169,3,1505,job start
7219.284,0,1510,job finish
7219.284,0,1511,job start
7219.483,4,1504,job finish
7219.483,4,1505,job start
7221.82,3,1505,job finish
7221.82,3,1506,job start
7221.825,1,1510,job finish
7221.825,1,1511,job start
7222.702,4,1505,job finish
7222.702,4,1506,job start
7223.667,0,1511,job finish
7223.667,0,1512,job start
7224.256,2,1506,job finish
7224.256,2,1507,job start
7224.442,3,1506,job finish
7224.442,3,1507,job start
7225.95,0,1512,job finish
7225.95,0,1513,job start
7226.112,4,1506,job finish
7226.112,4,1507,job start
7226.428,1,1511,job finish
7226.428,1,1512,job start
7227.067,3,1507,job finish
7227.895,2,1507,job finish
7227.895,3,1508,job start
7227.895,2,1508,job start
7228.562,4,1507,job finish
7228.562,4,1508,job start
7228.764,0,1513,job finish
7228.764,0,1514,job start
7230.371,1,1512,job finish
7230.371,1,1513,job start
7231.088,0,1514,job finish
7231.088,0,1515,job start
7231.246,3,1508,job finish
7232.307,2,1508,job finish
7232.307,3,1509,job start
7232.307,2,1509,job start
7232.414,4,1508,job finish
7232.414,4,1509,job start
7233.793,1,1513,job finish
7233.793,1,1514,job start
7235.142,2,1509,job finish
7235.142,2,1510,job start
7235.581,3,1509,job finish
7235.581,3,1510,job start
7235.744,4,1509,job finish
7235.744,4,1510,job start
7235.997,0,1515,job finish
7235.997,0,1516,job start
7237.568,2,1510,job finish
7237.568,2,1511,job start
7237.663,1,1514,job finish
7237.663,1,1515,job start
7238.025,3,1510,job finish
7238.025,3,1511,job start
7238.569,0,1516,job finish
7238.569,0,1517,job start
7240.82,4,1510,job finish
7240.82,4,1511,job start
7240.938,1,1515,job finish
7240.938,1,1516,job start
7240.95,3,1511,job finish
7241.945,0,1517,job finish
7241.945,0,1518,job start
7242.586,2,1511,job finish
7242.586,3,1512,job start
7242.586,2,1512,job start
7245.204,0,1518,job finish
7245.204,0,1519,job start
7245.714,3,1512,job finish
7245.904,2,1512,job finish
7245.904,3,1513,job start
7245.904,2,1513,job start
7247.268,0,1519,job finish
7247.268,0,1520,job start
7247.424,4,1511,job finish
7247.424,4,1512,job start
7247.946,2,1513,job finish
7247.946,2,1514,job start
7248.209,3,1513,job finish
7248.209,3,1514,job start
7250.386,0,1520,job finish
7250.386,0,1521,job start
7250.832,1,1516,job finish
7250.832,1,1517,job start
7251.558,4,1512,job finish
7251.558,4,1513,job start
7251.699,2,1514,job finish
7251.699,2,1515,job start
7253.15,1,1517,job finish
7253.15,1,1518,job start
7253.423,3,1514,job finish
7253.423,3,1515,job start
7254.072,0,1521,job finish
7254.072,0,1522,job start
7254.624,4,1513,job finish
7254.624,4,1514,job start
7255.903,3,1515,job finish
7256.637,1,1518,job finish
7256.637,1,1519,job start
7257.859,2,1515,job finish
7257.859,3,1516,job start
7257.859,2,1516,job start
7258.75,4,1514,job finish
7258.75,4,1515,job start
7259.135,0,1522,job finish
7259.135,0,1523,job start
7261.026,4,1515,job finish
7261.026,4,1516,job start
7261.275,3,1516,job finish
7261.351,1,1519,job finish
7261.351,1,1520,job start
7261.43,2,1516,job finish
7261.43,3,1517,job start
7261.43,2,1517,job start
7263.532,4,1516,job finish
7263.532,4,1517,job start
7263.664,2,1517,job finish
7263.664,2,1518,job start
7263.899,0,1523,job finish
7263.899,0,1524,job start
7264.934,1,1520,job finish
7264.934,1,1521,job start
7265.828,3,1517,job finish
7265.828,3,1518,job start
7267.494,2,1518,job finish
7267.494,2,1519,job start
7267.54,1,1521,job finish
7267.54,1,1522,job start
7267.655,4,1517,job finish
7267.655,4,1518,job start
7270.949,1,1522,job finish
7270.949,1,1523,job start
7271.447,3,1518,job finish
7271.447,3,1519,job start
7271.528,2,1519,job finish
7271.528,2,1520,job start
7272.277,0,1524,job finish
7272.277,0,1525,job start
7272.797,4,1518,job finish
7272.797,4,1519,job start
7273.605,2,1520,job finish
7273.605,2,1521,job start
7273.643,1,1523,job finish
7273.643,1,1524,job start
7275.534,4,1519,job finish
7276.934,2,1521,job finish
7276.934,2,1522,job start
7280.347,1,1524,job finish
7280.347,1,1525,job start
7281.828,2,1522,job finish
7281.828,2,1523,job start
7282.137,3,1519,job finish
7282.137,4,1520,job start
7282.137,3,1520,job start
7282.364,0,1525,job finish
7282.364,0,1526,job start
7284.089,2,1523,job finish
7284.089,2,1524,job start
7284.382,4,1520,job finish
7284.611,1,1525,job finish
7284.611,1,1526,job start
7284.732,3,1520,job finish
7284.732,4,1521,job start
7284.732,3,1521,job start
7287.091,2,1524,job finish
7287.091,2,1525,job start
7287.517,1,1526,job finish
7287.684,0,1526,job finish
7287.684,1,1527,job start
7287.684,0,1527,job start
7287.907,4,1521,job finish
7288.867,3,1521,job finish
7288.867,4,1522,job start
7288.867,3,1522,job start
7289.204,2,1525,job finish
7289.204,2,1526,job start
7290.15,1,1527,job finish
7291.86,3,1522,job finish
7291.86,3,1523,job start
7293.671,0,1527,job finish
7293.671,1,1528,job start
7293.671,0,1528,job start
7293.992,4,1522,job finish
7293.992,4,1523,job start
7299.782,1,1528,job finish
7300.084,3,1523,job finish
7300.084,3,1524,job start
7301.776,2,1526,job finish
7301.776,2,1527,job start
7302.231,0,1528,job finish
7302.231,1,1529,job start
7302.231,0,1529,job start
7303.88,3,1524,job finish
7303.88,3,1525,job start
7304.754,4,1523,job finish
7304.754,4,1524,job start
7304.912,2,1527,job finish
7304.912,2,1528,job start
7305.892,0,1529,job finish
7305.892,0,1530,job start
7307.773,3,1525,job finish
7307.773,3,1526,job start
7308.049,4,1524,job finish
7308.049,4,1525,job start
7308.309,1,1529,job finish
7308.309,1,1530,job start
7308.64,2,1528,job finish
7308.64,2,1529,job start
7310.505,0,1530,job finish
7310.505,0,1531,job start
7310.864,4,1525,job finish
7310.864,4,1526,job start
7311.495,1,1530,job finish
7311.495,1,1531,job start
7313.098,2,1529,job finish
7313.098,2,1530,job start
7313.907,0,1531,job finish
7313.907,0,1532,job start
7314.484,4,1526,job finish
7315.104,2,1530,job finish
7315.104,2,1531,job start
7316.209,0,1532,job finish
7316.209,0,1533,job start
7316.324,3,1526,job finish
7316.324,4,1527,job start
7316.324,3,1527,job start
7317.436,1,1531,job finish
7317.436,1,1532,job start
7318.415,0,1533,job finish
7318.415,0,1534,job start
7320.187,2,1531,job finish
7320.187,2,1532,job start
7320.842,4,1527,job finish
7321.605,0,1534,job finish
7321.605,0,1535,job start
7321.7,1,1532,job finish
7321.7,1,1533,job start
7322.077,3,1527,job finish
7322.077,4,1528,job start
7322.077,3,1528,job start
7322.46,2,1532,job finish
7322.46,2,1533,job start
7323.648,0,1535,job finish
7323.648,0,1536,job start
7325.127,1,1533,job finish
7325.127,1,1534,job start
7325.636,2,1533,job finish
7328.05,3,1528,job finish
7328.05,3,1529,job start
7328.05,2,1534,job start
7328.483,4,1528,job finish
7328.483,4,1529,job start
7329.277,0,1536,job finish
7329.277,0,1537,job start
7331.002,4,1529,job finish
7331.714,2,1534,job finish
7333.407,1,1534,job finish
7333.407,1,1535,job start
7334.094,0,1537,job finish
7334.094,0,1538,job start
7334.301,3,1529,job finish
7334.301,4,1530,job start
7334.301,3,1530,job start
7334.301,2,1535,job start
7336.725,0,1538,job finish
7336.725,0,1539,job start
7336.853,2,1535,job finish
7338.728,0,1539,job finish
7338.728,0,1540,job start
7339.463,4,1530,job finish
7339.604,1,1535,job finish
7339.604,1,1536,job start
7346.519,3,1530,job finish
7346.519,4,1531,job start
7346.519,3,1531,job start
7346.519,2,1536,job start
7348.441,0,1540,job finish
7348.441,0,1541,job start
7348.555,4,1531,job finish
7349.017,2,1536,job finish
7349.842,1,1536,job finish
7349.842,1,1537,job start
7351.099,0,1541,job finish
7351.099,0,1542,job start
7351.635,3,1531,job finish
7351.635,4,1532,job start
7351.635,3,1532,job start
7351.635,2,1537,job start
7353.62,1,1537,job finish
7353.62,1,1538,job start
7354.331,0,1542,job finish
7354.331,0,1543,job start
7354.427,4,1532,job finish
7356.359,3,1532,job finish
7356.359,4,1533,job start
7356.359,3,1533,job start
7356.765,0,1543,job finish
7358.754,2,1537,job finish
7358.754,2,1538,job start
7359.597,4,1533,job finish
7361.091,3,1533,job finish
7361.091,4,1534,job start
7361.091,3,1534,job start
7362.562,1,1538,job finish
7362.562,1,1539,job start
7362.562,0,1544,job start
7363.76,3,1534,job finish
7363.76,3,1535,job start
7364.354,4,1534,job finish
7364.354,4,1535,job start
7366.613,1,1539,job finish
7366.613,1,1540,job start
7366.613,0,1544,job finish
7366.613,0,1545,job start
7367.178,3,1535,job finish
7367.178,3,1536,job start
7367.211,4,1535,job finish
7367.211,4,1536,job start
7368.779,2,1538,job finish
7368.779,2,1539,job start
7369.354,0,1545,job finish
7369.419,4,1536,job finish
7370.55,1,1540,job finish
7370.55,1,1541,job start
7370.55,0,1546,job start
7371.763,3,1536,job finish
7371.763,4,1537,job start
7371.763,3,1537,job start
7374.279,3,1537,job finish
7374.279,3,1538,job start
7374.463,1,1541,job finish
7374.463,1,1542,job start
7374.524,0,1546,job finish
7374.524,0,1547,job start
7374.561,4,1537,job finish
7374.561,4,1538,job start
7374.959,2,1539,job finish
7374.959,2,1540,job start
7377.074,3,1538,job finish
7377.074,3,1539,job start
7377.229,1,1542,job finish
7377.229,1,1543,job start
7378.276,4,1538,job finish
7378.276,4,1539,job start
7378.497,0,1547,job finish
7378.497,0,1548,job start
7379.524,1,1543,job finish
7379.524,1,1544,job start
7379.695,2,1540,job finish
7379.695,2,1541,job start
7380.763,3,1539,job finish
7380.763,3,1540,job start
7382.799,0,1548,job finish
7382.799,0,1549,job start
7382.972,2,1541,job finish
7382.972,2,1542,job start
7383.06,3,1540,job finish
7383.06,3,1541,job start
7385.033,4,1539,job finish
7385.033,4,1540,job start
7386.356,0,1549,job finish
7386.887,1,1544,job finish
7386.887,1,1545,job start
7386.887,0,1550,job start
7387.963,4,1540,job finish
7387.963,4,1541,job start
7388.35,2,1542,job finish
7388.35,2,1543,job start
7390.561,4,1541,job finish
7390.914,0,1550,job finish
7391.034,3,1541,job finish
7391.034,4,1542,job start
7391.034,3,1542,job start
7392.038,1,1545,job finish
7392.038,1,1546,job start
7392.038,0,1551,job start
7394.305,2,1543,job finish
7394.305,2,1544,job start
7394.528,0,1551,job finish
7395.002,4,1542,job finish
7396.996,1,1546,job finish
7396.996,1,1547,job start
7396.996,0,1552,job start
7397.88,2,1544,job finish
7397.88,2,1545,job start
7399.013,0,1552,job finish
7399.491,1,1547,job finish
7399.491,1,1548,job start
7399.491,0,1553,job start
7399.678,3,1542,job finish
7399.678,4,1543,job start
7399.678,3,1543,job start
7400.811,2,1545,job finish
7400.811,2,1546,job start
7402.506,0,1553,job finish
7402.711,1,1548,job finish
7402.711,1,1549,job start
7402.711,0,1554,job start
7403.362,2,1546,job finish
7403.362,2,1547,job start
7405.516,1,1549,job finish
7405.516,1,1550,job start
7405.787,3,1543,job finish
7405.787,3,1544,job start
7407.096,2,1547,job finish
7407.096,2,1548,job start
7408.482,4,1543,job finish
7408.482,4,1544,job start
7409.737,1,1550,job finish
7409.737,1,1551,job start
7410.515,0,1554,job finish
7410.515,0,1555,job start
7410.663,2,1548,job finish
7410.663,2,1549,job start
7412.445,4,1544,job finish
7413.691,3,1544,job finish
7413.691,4,1545,job start
7413.691,3,1545,job start
7414.091,1,1551,job finish
7414.091,1,1552,job start
7414.664,0,1555,job finish
7414.664,0,1556,job start
7416.76,2,1549,job finish
7416.76,2,1550,job start
7417.018,0,1556,job finish
7417.018,0,1557,job start
7418.647,3,1545,job finish
7418.647,3,1546,job start
7418.936,2,1550,job finish
7418.936,2,1551,job start
7420.109,0,1557,job finish
7420.295,4,1545,job finish
7420.295,4,1546,job start
7420.712,1,1552,job finish
7420.712,1,1553,job start
7420.712,0,1558,job start
7422.404,3,1546,job finish
7422.404,3,1547,job start
7423.067,2,1551,job finish
7423.067,2,1552,job start
7423.174,0,1558,job finish
7423.221,1,1553,job finish
7423.221,1,1554,job start
7423.221,0,1559,job start
7424.53,4,1546,job finish
7424.53,4,1547,job start
7425.198,3,1547,job finish
7425.198,3,1548,job start
7426.247,1,1554,job finish
7426.247,1,1555,job start
7427.042,4,1547,job finish
7427.042,4,1548,job start
7427.394,0,1559,job finish
7427.394,0,1560,job start
7427.621,2,1552,job finish
7427.621,2,1553,job start
7429.538,3,1548,job finish
7429.538,3,1549,job start
7429.551,0,1560,job finish
7430.034,1,1555,job finish
7430.034,1,1556,job start
7430.034,0,1561,job start
7431.065,2,1553,job finish
7431.065,2,1554,job start
7431.819,4,1548,job finish
7431.819,4,1549,job start
7434.555,3,1549,job finish
7434.555,3,1550,job start
7435.253,1,1556,job finish
7435.253,1,1557,job start
7436.852,3,1550,job finish
7436.852,3,1551,job start
7437.684,1,1557,job finish
7437.684,1,1558,job start
7438.524,2,1554,job finish
7438.524,2,1555,job start
7439.475,3,1551,job finish
7439.475,3,1552,job start
7440.153,0,1561,job finish
7440.153,0,1562,job start
7440.951,2,1555,job finish
7440.951,2,1556,job start
7441.169,1,1558,job finish
7441.169,1,1559,job start
7442.434,3,1552,job finish
7442.434,3,1553,job start
7442.775,4,1549,job finish
7442.775,4,1550,job start
7443.514,1,1559,job finish
7443.514,1,1560,job start
7443.652,2,1556,job finish
7443.652,2,1557,job start
7445.705,3,1553,job finish
7445.705,3,1554,job start
7445.984,0,1562,job finish
7445.984,0,1563,job start
7446.887,1,1560,job finish
7446.887,1,1561,job start
7447.891,2,1557,job finish
7447.891,2,1558,job start
7448.825,4,1550,job finish
7448.825,4,1551,job start
7449.844,3,1554,job finish
7449.844,3,1555,job start
7450.173,0,1563,job finish
7450.173,0,1564,job start
7450.263,2,1558,job finish
7450.263,2,1559,job start
7451.175,4,1551,job finish
7451.175,4,1552,job start
7452.873,2,1559,job finish
7452.873,2,1560,job start
7453.044,1,1561,job finish
7453.044,1,1562,job start
7453.358,3,1555,job finish
7453.358,3,1556,job start
7453.476,4,1552,job finish
7453.476,4,1553,job start
7454.89,0,1564,job finish
7454.89,0,1565,job start
7455.918,2,1560,job finish
7455.918,2,1561,job start
7456.591,4,1553,job finish
7456.591,4,1554,job start
7456.729,1,1562,job finish
7456.729,1,1563,job start
7458.503,3,1556,job finish
7458.503,3,1557,job start
7458.951,0,1565,job finish
7458.951,0,1566,job start
7460.395,4,1554,job finish
7460.395,4,1555,job start
7460.983,3,1557,job finish
7460.983,3,1558,job start
7460.995,0,1566,job finish
7460.995,0,1567,job start
7463.182,2,1561,job finish
7463.182,2,1562,job start
7463.34,4,1555,job finish
7463.34,4,1556,job start
7463.418,3,1558,job finish
7463.418,3,1559,job start
7463.478,1,1563,job finish
7463.478,1,1564,job start
7463.701,0,1567,job finish
7463.701,0,1568,job start
7465.682,3,1559,job finish
7465.682,3,1560,job start
7465.806,0,1568,job finish
7465.806,0,1569,job start
7468.634,4,1556,job finish
7468.634,4,1557,job start
7469.708,3,1560,job finish
7469.708,3,1561,job start
7470.38,2,1562,job finish
7470.38,2,1563,job start
7470.726,1,1564,job finish
7470.726,1,1565,job start
7472.176,3,1561,job finish
7472.176,3,1562,job start
7473.292,2,1563,job finish
7473.292,2,1564,job start
7473.668,0,1569,job finish
7473.668,0,1570,job start
7474.637,4,1557,job finish
7474.637,4,1558,job start
7475.002,3,1562,job finish
7475.002,3,1563,job start
7476.106,1,1565,job finish
7476.106,1,1566,job start
7476.27,2,1564,job finish
7476.27,2,1565,job start
7476.413,0,1570,job finish
7476.413,0,1571,job start
7477.218,4,1558,job finish
7477.218,4,1559,job start
7479.283,0,1571,job finish
7479.546,2,1565,job finish
7479.546,2,1566,job start
7479.689,1,1566,job finish
7479.689,1,1567,job start
7479.689,0,1572,job start
7479.869,4,1559,job finish
7479.869,4,1560,job start
7480.694,3,1563,job finish
7480.694,3,1564,job start
7482.98,3,1564,job finish
7482.98,3,1565,job start
7483.065,0,1572,job finish
7483.083,2,1566,job finish
7483.083,2,1567,job start
7484.879,4,1560,job finish
7484.879,4,1561,job start
7485.669,2,1567,job finish
7486.48,1,1567,job finish
7486.48,2,1568,job start
7486.48,1,1568,job start
7486.48,0,1573,job start
7486.657,3,1565,job finish
7486.657,3,1566,job start
7487.889,4,1561,job finish
7487.889,4,1562,job start
7489.207,0,1573,job finish
7491.238,2,1568,job finish
7491.772,1,1568,job finish
7491.772,2,1569,job start
7491.772,1,1569,job start
7491.772,0,1574,job start
7491.943,4,1562,job finish
7491.943,4,1563,job start
7492.435,3,1566,job finish
7492.435,3,1567,job start
7495.39,4,1563,job finish
7495.39,4,1564,job start
7495.684,2,1569,job finish
7495.859,0,1574,job finish
7497.034,3,1567,job finish
7497.034,3,1568,job start
7498.281,4,1564,job finish
7498.281,4,1565,job start
7499.741,1,1569,job finish
7499.741,2,1570,job start
7499.741,1,1570,job start
7499.741,0,1575,job start
7500.115,3,1568,job finish
7500.115,3,1569,job start
7500.715,4,1565,job finish
7500.715,4,1566,job start
7502.226,1,1570,job finish
7502.226,1,1571,job start
7502.98,2,1570,job finish
7502.98,2,1571,job start
7505.512,1,1571,job finish
7505.512,1,1572,job start
7505.95,2,1571,job finish
7505.95,2,1572,job start
7506.387,3,1569,job finish
7506.387,3,1570,job start
7507.21,4,1566,job finish
7507.21,4,1567,job start
7507.881,1,1572,job finish
7507.881,1,1573,job start
7508.927,2,1572,job finish
7508.927,2,1573,job start
7511.007,3,1570,job finish
7511.007,3,1571,job start
7511.24,1,1573,job finish
7511.24,1,1574,job start
7511.851,2,1573,job finish
7511.851,2,1574,job start
7511.915,0,1575,job finish
7511.915,0,1576,job start
7513.784,3,1571,job finish
7513.784,3,1572,job start
7513.999,0,1576,job finish
7513.999,0,1577,job start
7515.513,4,1567,job finish
7515.513,4,1568,job start
7516.341,2,1574,job finish
7518.892,3,1572,job finish
7518.892,3,1573,job start
7519.533,4,1568,job finish
7519.533,4,1569,job start
7520.075,0,1577,job finish
7520.075,0,1578,job start
7522.131,4,1569,job finish
7522.131,4,1570,job start
7522.755,3,1573,job finish
7522.755,3,1574,job start
7523.779,1,1574,job finish
7523.779,2,1575,job start
7523.779,1,1575,job start
7524.524,0,1578,job finish
7524.524,0,1579,job start
7525.436,3,1574,job finish
7525.436,3,1575,job start
7525.672,4,1570,job finish
7525.672,4,1571,job start
7527.803,3,1575,job finish
7528.377,4,1571,job finish
7528.377,4,1572,job start
7529.023,1,1575,job finish
7529.023,1,1576,job start
7530.291,2,1575,job finish
7530.291,3,1576,job start
7530.291,2,1576,job start
7530.784,0,1579,job finish
7530.784,0,1580,job start
7531.764,1,1576,job finish
7531.764,1,1577,job start
7533.269,2,1576,job finish
7533.269,2,1577,job start
7534.041,4,1572,job finish
7534.041,4,1573,job start
7536.604,4,1573,job finish
7536.604,4,1574,job start
7536.634,0,1580,job finish
7536.634,0,1581,job start
7537.139,1,1577,job finish
7537.139,1,1578,job start
7538.776,0,1581,job finish
7538.776,0,1582,job start
7538.929,3,1576,job finish
7538.929,3,1577,job start
7539.151,4,1574,job finish
7539.151,4,1575,job start
7540.036,2,1577,job finish
7540.036,2,1578,job start
7540.885,1,1578,job finish
7540.885,1,1579,job start
7542.621,0,1582,job finish
7542.621,0,1583,job start
7543.23,4,1575,job finish
7543.23,4,1576,job start
7544.457,3,1577,job finish
7544.457,3,1578,job start
7544.963,2,1578,job finish
7544.963,2,1579,job start
7545.252,4,1576,job finish
7545.252,4,1577,job start
7545.337,0,1583,job finish
7545.337,0,1584,job start
7547.215,2,1579,job finish
7547.463,4,1577,job finish
7547.463,4,1578,job start
7549.172,3,1578,job finish
7549.172,3,1579,job start
7549.317,0,1584,job finish
7549.424,1,1579,job finish
7549.424,2,1580,job start
7549.424,1,1580,job start
7549.424,0,1585,job start
7551.509,4,1578,job finish
7551.509,4,1579,job start
7551.579,0,1585,job finish
7551.617,3,1579,job finish
7551.617,3,1580,job start
7551.987,1,1580,job finish
7551.987,1,1581,job start
7551.987,0,1586,job start
7552.578,2,1580,job finish
7552.578,2,1581,job start
7554.268,3,1580,job finish
7554.268,3,1581,job start
7555.108,1,1581,job finish
7555.108,1,1582,job start
7556.779,4,1579,job finish
7556.779,4,1580,job start
7557.341,0,1586,job finish
7557.341,0,1587,job start
7557.45,1,1582,job finish
7557.45,1,1583,job start
7558.453,3,1581,job finish
7559.414,0,1587,job finish
7559.414,0,1588,job start
7559.604,2,1581,job finish
7559.604,3,1582,job start
7559.604,2,1582,job start
7560.33,1,1583,job finish
7560.33,1,1584,job start
7562.019,0,1588,job finish
7562.019,0,1589,job start
7562.568,2,1582,job finish
7562.568,2,1583,job start
7565.223,2,1583,job finish
7565.223,2,1584,job start
7565.501,4,1580,job finish
7565.501,4,1581,job start
7565.692,1,1584,job finish
7565.692,1,1585,job start
7565.719,0,1589,job finish
7565.719,0,1590,job start
7566.254,3,1582,job finish
7566.254,3,1583,job start
7568.032,0,1590,job finish
7568.687,1,1585,job finish
7568.687,1,1586,job start
7568.687,0,1591,job start
7569.531,2,1584,job finish
7569.531,2,1585,job start
7570.194,4,1581,job finish
7570.194,4,1582,job start
7571.834,1,1586,job finish
7571.834,1,1587,job start
7572.027,2,1585,job finish
7572.027,2,1586,job start
7573.619,4,1582,job finish
7573.619,4,1583,job start
7574.623,0,1591,job finish
7574.623,0,1592,job start
7574.868,1,1587,job finish
7574.868,1,1588,job start
7575.786,3,1583,job finish
7575.786,3,1584,job start
7577.835,0,1592,job finish
7577.835,0,1593,job start
7578.074,2,1586,job finish
7578.074,2,1587,job start
7578.111,3,1584,job finish
7578.111,3,1585,job start
7580.098,2,1587,job finish
7580.098,2,1588,job start
7580.517,0,1593,job finish
7582.727,1,1588,job finish
7582.727,1,1589,job start
7582.727,0,1594,job start
7584.836,0,1594,job finish
7585.471,3,1585,job finish
7585.471,3,1586,job start
7586.243,2,1588,job finish
7586.243,2,1589,job start
7586.496,4,1583,job finish
7586.496,4,1584,job start
7586.729,1,1589,job finish
7586.729,1,1590,job start
7586.729,0,1595,job start
7588.463,3,1586,job finish
7588.463,3,1587,job start
7589.051,4,1584,job finish
7589.051,4,1585,job start
7589.071,0,1595,job finish
7589.47,2,1589,job finish
7589.47,2,1590,job start
7589.62,1,1590,job finish
7589.62,1,1591,job start
7589.62,0,1596,job start
7591.675,4,1585,job finish
7591.675,4,1586,job start
7592.417,3,1587,job finish
7592.417,3,1588,job start
7592.559,2,1590,job finish
7592.559,2,1591,job start
7594.064,0,1596,job finish
7594.694,3,1588,job finish
7594.694,3,1589,job start
7594.956,2,1591,job finish
7595.189,1,1591,job finish
7595.189,2,1592,job start
7595.189,1,1592,job start
7595.189,0,1597,job start
7597.283,3,1589,job finish
7597.283,3,1590,job start
7598.007,1,1592,job finish
7598.007,1,1593,job start
7598.073,2,1592,job finish
7598.073,2,1593,job start
7599.577,0,1597,job finish
7599.577,0,1598,job start
7600.041,4,1586,job finish
7600.041,4,1587,job start
7600.214,2,1593,job finish
7600.296,1,1593,job finish
7600.296,2,1594,job start
7600.296,1,1594,job start
7600.559,3,1590,job finish
7600.559,3,1591,job start
7601.916,0,1598,job finish
7601.916,0,1599,job start
7602.401,4,1587,job finish
7602.401,4,1588,job start
7602.584,1,1594,job finish
7602.584,1,1595,job start
7602.701,2,1594,job finish
7602.701,2,1595,job start
7605.812,3,1591,job finish
7605.812,3,1592,job start
7606.176,4,1588,job finish
7606.176,4,1589,job start
7607.559,2,1595,job finish
7609.478,4,1589,job finish
7609.478,4,1590,job start
7609.676,1,1595,job finish
7609.676,2,1596,job start
7609.676,1,1596,job start
7612.102,1,1596,job finish
7612.102,1,1597,job start
7612.143,0,1599,job finish
7612.143,0,1600,job start
7613.012,2,1596,job finish
7613.012,2,1597,job start
7614.557,4,1590,job finish
7614.557,4,1591,job start
7615.033,2,1597,job finish
7617.695,3,1592,job finish
7617.695,3,1593,job start
7617.855,1,1597,job finish
7617.855,2,1598,job start
7617.855,1,1598,job start
7618.21,4,1591,job finish
7618.21,4,1592,job start
7618.24,0,1600,job finish
7618.24,0,1601,job start
7620.731,2,1598,job finish
7620.93,1,1598,job finish
7620.93,1,1599,job start
7621.716,0,1601,job finish
7621.716,0,1602,job start
7622.035,4,1592,job finish
7622.035,4,1593,job start
7623.513,1,1599,job finish
7623.513,1,1600,job start
7627.568,0,1602,job finish
7627.568,0,1603,job start
7627.847,3,1593,job finish
7627.847,3,1594,job start
7627.847,2,1599,job start
7630.967,4,1593,job finish
7630.967,4,1594,job start
7630.985,0,1603,job finish
7630.985,0,1604,job start
7631.767,3,1594,job finish
7631.767,3,1595,job start
7632.505,1,1600,job finish
7632.505,1,1601,job start
7633.638,4,1594,job finish
7633.638,4,1595,job start
7633.79,2,1599,job finish
7633.79,2,1600,job start
7634.03,0,1604,job finish
7634.03,0,1605,job start
7634.162,3,1595,job finish
7634.162,3,1596,job start
7636.485,1,1601,job finish
7636.485,1,1602,job start
7637.302,4,1595,job finish
7637.302,4,1596,job start
7638.266,3,1596,job finish
7638.266,3,1597,job start
7639.028,0,1605,job finish
7639.028,0,1606,job start
7641.916,1,1602,job finish
7641.916,1,1603,job start
7642.333,3,1597,job finish
7642.333,3,1598,job start
7642.901,4,1596,job finish
7642.901,4,1597,job start
7643.713,0,1606,job finish
7643.713,0,1607,job start
7645.469,2,1600,job finish
7645.469,2,1601,job start
7646.143,0,1607,job finish
7646.143,0,1608,job start
7646.845,1,1603,job finish
7646.845,1,1604,job start
7648.234,2,1601,job finish
7648.234,2,1602,job start
7648.477,0,1608,job finish
7648.477,0,1609,job start
7650.509,2,1602,job finish
7650.509,2,1603,job start
7650.782,1,1604,job finish
7650.782,1,1605,job start
7651.617,3,1598,job finish
7651.617,3,1599,job start
7651.771,4,1597,job finish
7651.771,4,1598,job start
7653.843,2,1603,job finish
7653.843,2,1604,job start
7655.241,4,1598,job finish
7655.241,4,1599,job start
7656.211,0,1609,job finish
7656.211,0,1610,job start
7657.282,4,1599,job finish
7657.907,2,1604,job finish
7658.318,1,1605,job finish
7658.318,1,1606,job start
7660.078,0,1610,job finish
7660.078,0,1611,job start
7660.92,1,1606,job finish
7660.92,1,1607,job start
7661.448,3,1599,job finish
7661.448,4,1600,job start
7661.448,3,1600,job start
7661.448,2,1605,job start
7662.237,0,1611,job finish
7662.237,0,1612,job start
7664.369,2,1605,job finish
7664.501,3,1600,job finish
7664.501,3,1601,job start
7664.501,2,1606,job start
7664.63,4,1600,job finish
7664.63,4,1601,job start
7665.038,0,1612,job finish
7667.36,2,1606,job finish
7667.368,4,1601,job finish
7669.763,1,1607,job finish
7669.763,1,1608,job start
7669.763,0,1613,job start
7670.686,3,1601,job finish
7670.686,4,1602,job start
7670.686,3,1602,job start
7670.686,2,1607,job start
7673.334,1,1608,job finish
7673.334,1,1609,job start
7673.629,4,1602,job finish
7674.787,0,1613,job finish
7674.787,0,1614,job start
7675.028,2,1607,job finish
7675.033,3,1602,job finish
7675.033,4,1603,job start
7675.033,3,1603,job start
7675.033,2,1608,job start
7677.429,3,1603,job finish
7677.429,3,1604,job start
7678.215,0,1614,job finish
7678.661,1,1609,job finish
7678.661,1,1610,job start
7678.661,0,1615,job start
7680.774,4,1603,job finish
7680.774,4,1604,job start
7681.547,3,1604,job finish
7681.547,3,1605,job start
7681.788,1,1610,job finish
7681.788,1,1611,job start
7682.271,0,1615,job finish
7682.271,0,1616,job start
7683.149,2,1608,job finish
7683.149,2,1609,job start
7683.446,4,1604,job finish
7683.446,4,1605,job start
7685.427,1,1611,job finish
7685.427,1,1612,job start
7686.628,4,1605,job finish
7686.827,2,1609,job finish
7686.827,2,1610,job start
7687.345,3,1605,job finish
7687.345,4,1606,job start
7687.345,3,1606,job start
7687.393,0,1616,job finish
7687.393,0,1617,job start
7689.46,1,1612,job finish
7689.46,1,1613,job start
7689.604,3,1606,job finish
7689.604,3,1607,job start
7690.315,4,1606,job finish
7690.315,4,1607,job start
7690.51,0,1617,job finish
7690.51,0,1618,job start
7691.208,2,1610,job finish
7691.208,2,1611,job start
7692.835,3,1607,job finish
7692.835,3,1608,job start
7693.468,2,1611,job finish
7693.468,2,1612,job start
7694.576,4,1607,job finish
7694.576,4,1608,job start
7694.614,1,1613,job finish
7694.614,1,1614,job start
7695.132,3,1608,job finish
7695.132,3,1609,job start
7696.905,0,1618,job finish
7696.905,0,1619,job start
7697.067,4,1608,job finish
7697.067,4,1609,job start
7697.104,1,1614,job finish
7697.104,1,1615,job start
7698.191,3,1609,job finish
7698.191,3,1610,job start
7698.93,0,1619,job finish
7698.93,0,1620,job start
7699.198,4,1609,job finish
7699.198,4,1610,job start
7699.685,1,1615,job finish
7699.685,1,1616,job start
7700.801,2,1612,job finish
7700.801,2,1613,job start
7701.006,3,1610,job finish
7701.006,3,1611,job start
7702.226,1,1616,job finish
7702.226,1,1617,job start
7702.254,0,1620,job finish
7702.254,0,1621,job start
7704.395,2,1613,job finish
7704.395,2,1614,job start
7706.008,1,1617,job finish
7706.008,1,1618,job start
7706.763,0,1621,job finish
7706.763,0,1622,job start
7707.22,2,1614,job finish
7707.22,2,1615,job start
7708.726,4,1610,job finish
7708.726,4,1611,job start
7709.866,2,1615,job finish
7709.866,2,1616,job start
7710.165,1,1618,job finish
7710.165,1,1619,job start
7712.176,0,1622,job finish
7712.176,0,1623,job start
7713.889,1,1619,job finish
7713.889,1,1620,job start
7714.083,4,1611,job finish
7714.433,2,1616,job finish
7714.922,0,1623,job finish
7714.922,0,1624,job start
7718.171,1,1620,job finish
7718.171,1,1621,job start
7720.763,0,1624,job finish
7720.763,0,1625,job start
7720.792,1,1621,job finish
7724.014,3,1611,job finish
7724.014,4,1612,job start
7724.014,3,1612,job start
7724.014,2,1617,job start
7724.014,1,1622,job start
7725.4,0,1625,job finish
7725.4,0,1626,job start
7726.433,1,1622,job finish
7726.728,4,1612,job finish
7727.571,3,1612,job finish
7727.571,4,1613,job start
7727.571,3,1613,job start
7727.966,2,1617,job finish
7727.966,2,1618,job start
7727.966,1,1623,job start
7730.942,0,1626,job finish
7730.942,0,1627,job start
7731.417,4,1613,job finish
7733.077,3,1613,job finish
7733.077,4,1614,job start
7733.077,3,1614,job start
7733.407,0,1627,job finish
7733.407,0,1628,job start
7734.4,2,1618,job finish
7734.4,2,1619,job start
7734.867,1,1623,job finish
7734.867,1,1624,job start
7735.526,0,1628,job finish
7735.526,0,1629,job start
7737.259,3,1614,job finish
7737.259,3,1615,job start
7737.904,4,1614,job finish
7737.904,4,1615,job start
7737.936,0,1629,job finish
7738.018,1,1624,job finish
7738.082,2,1619,job finish
7738.082,2,1620,job start
7738.082,1,1625,job start
7738.082,0,1630,job start
7739.657,3,1615,job finish
7739.657,3,1616,job start
7740.311,0,1630,job finish
7740.347,1,1625,job finish
7740.565,4,1615,job finish
7740.565,4,1616,job start
7740.695,2,1620,job finish
7740.695,2,1621,job start
7740.695,1,1626,job start
7740.695,0,1631,job start
7742.743,2,1621,job finish
7743.074,0,1631,job finish
7743.075,4,1616,job finish
7743.48,3,1616,job finish
7743.48,4,1617,job start
7743.48,3,1617,job start
7743.48,2,1622,job start
7744.231,1,1626,job finish
7744.231,1,1627,job start
7744.231,0,1632,job start
7745.934,2,1622,job finish
7746.322,3,1617,job finish
7746.322,3,1618,job start
7746.322,2,1623,job start
7746.385,4,1617,job finish
7746.385,4,1618,job start
7746.852,0,1632,job finish
7747.793,1,1627,job finish
7747.793,1,1628,job start
7747.793,0,1633,job start
7749.99,3,1618,job finish
7749.99,3,1619,job start
7750.507,1,1628,job finish
7750.666,0,1633,job finish
7750.883,4,1618,job finish
7750.883,4,1619,job start
7750.915,2,1623,job finish
7750.915,2,1624,job start
7750.915,1,1629,job start
7750.915,0,1634,job start
7753.106,3,1619,job finish
7753.106,3,1620,job start
7754.547,1,1629,job finish
7754.843,2,1624,job finish
7754.843,2,1625,job start
7754.843,1,1630,job start
7755.414,4,1619,job finish
7755.414,4,1620,job start
7756.033,0,1634,job finish
7756.033,0,1635,job start
7757.32,2,1625,job finish
7758.539,1,1630,job finish
7759.528,3,1620,job finish
7759.528,3,1621,job start
7759.528,2,1626,job start
7759.528,1,1631,job start
7760.987,4,1620,job finish
7760.987,4,1621,job start
7761.965,1,1631,job finish
7762.504,0,1635,job finish
7762.504,0,1636,job start
7763.566,2,1626,job finish
7763.932,4,1621,job finish
7764.144,3,1621,job finish
7764.144,4,1622,job start
7764.144,3,1622,job start
7764.144,2,1627,job start
7764.144,1,1632,job start
7765.015,0,1636,job finish
7765.015,0,1637,job start
7766.499,1,1632,job finish
7766.527,2,1627,job finish
7766.98,3,1622,job finish
7766.98,3,1623,job start
7766.98,2,1628,job start
7766.98,1,1633,job start
7767.29,4,1622,job finish
7767.29,4,1623,job start
7768.973,0,1637,job finish
7768.973,0,1638,job start
7769.319,4,1623,job finish
7769.945,3,1623,job finish
7769.945,4,1624,job start
7769.945,3,1624,job start
7772.261,0,1638,job finish
7772.626,1,1633,job finish
7772.746,4,1624,job finish
7772.91,2,1628,job finish
7772.91,2,1629,job start
7772.91,1,1634,job start
7772.91,0,1639,job start
7775.312,1,1634,job finish
7775.509,3,1624,job finish
7775.509,4,1625,job start
7775.509,3,1625,job start
7777.131,2,1629,job finish
7777.131,2,1630,job start
7777.131,1,1635,job start
7779.616,0,1639,job finish
7779.616,0,1640,job start
7779.621,3,1625,job finish
7779.621,3,1626,job start
7779.803,1,1635,job finish
7781.395,2,1630,job finish
7781.395,2,1631,job start
7781.395,1,1636,job start
7782.488,3,1626,job finish
7782.488,3,1627,job start
7783.714,2,1631,job finish
7783.714,2,1632,job start
7784.113,0,1640,job finish
7784.113,0,1641,job start
7784.485,4,1625,job finish
7784.485,4,1626,job start
7784.967,3,1627,job finish
7784.967,3,1628,job start
7785.215,1,1636,job finish
7785.215,1,1637,job start
7786.313,0,1641,job finish
7786.313,0,1642,job start
7787.273,2,1632,job finish
7787.273,2,1633,job start
7789.033,1,1637,job finish
7789.033,1,1638,job start
7789.242,3,1628,job finish
7789.242,3,1629,job start
7789.975,4,1626,job finish
7789.975,4,1627,job start
7791.371,2,1633,job finish
7791.371,2,1634,job start
7791.97,1,1638,job finish
7791.97,1,1639,job start
7792.141,0,1642,job finish
7792.141,0,1643,job start
7793.012,3,1629,job finish
7793.012,3,1630,job start
7793.905,4,1627,job finish
7793.905,4,1628,job start
7794.17,2,1634,job finish
7794.17,2,1635,job start
7794.969,0,1643,job finish
7794.969,0,1644,job start
7796.929,1,1639,job finish
7796.929,1,1640,job start
7798.014,0,1644,job finish
7798.014,0,1645,job start
7799.031,2,1635,job finish
7799.263,1,1640,job finish
7800.498,3,1630,job finish
7800.498,3,1631,job start
7800.498,2,1636,job start
7800.498,1,1641,job start
7800.661,4,1628,job finish
7800.661,4,1629,job start
7802.103,0,1645,job finish
7802.103,0,1646,job start
7802.508,2,1636,job finish
7804.572,1,1641,job finish
7804.695,4,1629,job finish
7804.695,4,1630,job start
7806.958,4,1630,job finish
7806.958,4,1631,job start
7807.829,0,1646,job finish
7808.584,3,1631,job finish
7808.584,3,1632,job start
7808.584,2,1637,job start
7808.584,1,1642,job start
7808.584,0,1647,job start
7810.799,2,1637,job finish
7811.513,1,1642,job finish
7811.639,3,1632,job finish
7811.639,3,1633,job start
7811.639,2,1638,job start
7811.639,1,1643,job start
7812.351,0,1647,job finish
7812.351,0,1648,job start
7813.012,4,1631,job finish
7813.012,4,1632,job start
7814.103,3,1633,job finish
7814.103,3,1634,job start
7815.607,1,1643,job finish
7816.157,4,1632,job finish
7816.157,4,1633,job start
7818.264,3,1634,job finish
7818.264,3,1635,job start
7818.436,0,1648,job finish
7818.745,2,1638,job finish
7818.745,2,1639,job start
7818.745,1,1644,job start
7818.745,0,1649,job start
7821.133,2,1639,job finish
7821.133,2,1640,job start
7821.172,3,1635,job finish
7821.172,3,1636,job start
7821.48,4,1633,job finish
7821.48,4,1634,job start
7821.54,0,1649,job finish
7823.673,2,1640,job finish
7823.673,2,1641,job start
7824.104,3,1636,job finish
7824.104,3,1637,job start
7824.289,1,1644,job finish
7824.289,1,1645,job start
7824.289,0,1650,job start
7825.316,4,1634,job finish
7825.316,4,1635,job start
7826.382,3,1637,job finish
7826.382,3,1638,job start
7826.52,2,1641,job finish
7826.52,2,1642,job start
7827.37,0,1650,job finish
7828.9,3,1638,job finish
7828.9,3,1639,job start
7830.786,4,1635,job finish
7830.786,4,1636,job start
7830.897,1,1645,job finish
7830.897,1,1646,job start
7830.897,0,1651,job start
7831.809,3,1639,job finish
7831.809,3,1640,job start
7833.758,2,1642,job finish
7833.758,2,1643,job start
7834.935,3,1640,job finish
7834.935,3,1641,job start
7835.42,0,1651,job finish
7835.655,4,1636,job finish
7835.655,4,1637,job start
7836.403,2,1643,job finish
7836.403,2,1644,job start
7836.764,1,1646,job finish
7836.764,1,1647,job start
7836.764,0,1652,job start
7838.13,4,1637,job finish
7838.13,4,1638,job start
7839.229,0,1652,job finish
7839.334,3,1641,job finish
7839.334,3,1642,job start
7839.453,1,1647,job finish
7839.453,1,1648,job start
7839.453,0,1653,job start
7840.239,4,1638,job finish
7840.239,4,1639,job start
7841.157,2,1644,job finish
7841.157,2,1645,job start
7842.241,4,1639,job finish
7842.241,4,1640,job start
7843.54,2,1645,job finish
7843.54,2,1646,job start
7843.731,1,1648,job finish
7843.731,1,1649,job start
7843.802,0,1653,job finish
7843.802,0,1654,job start
7844.274,4,1640,job finish
7844.274,4,1641,job start
7845.1,3,1642,job finish
7845.1,3,1643,job start
7846.506,1,1649,job finish
7846.506,1,1650,job start
7847.274,0,1654,job finish
7847.274,0,1655,job start
7848.149,3,1643,job finish
7848.149,3,1644,job start
7848.493,2,1646,job finish
7848.493,2,1647,job start
7848.734,4,1641,job finish
7848.734,4,1642,job start
7850.726,1,1650,job finish
7850.726,1,1651,job start
7850.968,0,1655,job finish
7850.968,0,1656,job start
7852.595,3,1644,job finish
7852.595,3,1645,job start
7852.988,4,1642,job finish
7852.988,4,1643,job start
7854.87,2,1647,job finish
7854.87,2,1648,job start
7854.986,1,1651,job finish
7854.986,1,1652,job start
7855.432,4,1643,job finish
7855.432,4,1644,job start
7857.126,3,1645,job finish
7857.126,3,1646,job start
7859.345,4,1644,job finish
7859.345,4,1645,job start
7859.463,3,1646,job finish
7859.463,3,1647,job start
7860.298,1,1652,job finish
7860.298,1,1653,job start
7860.369,2,1648,job finish
7860.369,2,1649,job start
7861.775,4,1645,job finish
7861.775,4,1646,job start
7861.792,3,1647,job finish
7861.792,3,1648,job start
7862.742,1,1653,job finish
7862.742,1,1654,job start
7864.219,3,1648,job finish
7864.219,3,1649,job start
7864.571,0,1656,job finish
7864.571,0,1657,job start
7865.182,2,1649,job finish
7865.182,2,1650,job start
7866.135,4,1646,job finish
7866.135,4,1647,job start
7866.361,1,1654,job finish
7866.361,1,1655,job start
7868.34,4,1647,job finish
7868.34,4,1648,job start
7868.627,3,1649,job finish
7868.627,3,1650,job start
7869.97,0,1657,job finish
7869.97,0,1658,job start
7871.673,4,1648,job finish
7871.673,4,1649,job start
7872.638,3,1650,job finish
7874.208,4,1649,job finish
7874.208,4,1650,job start
7874.961,2,1650,job finish
7874.961,3,1651,job start
7874.961,2,1651,job start
7875.734,1,1655,job finish
7875.734,1,1656,job start
7876.63,4,1650,job finish
7876.63,4,1651,job start
7877.263,3,1651,job finish
7878.008,1,1656,job finish
7879.485,2,1651,job finish
7879.485,3,1652,job start
7879.485,2,1652,job start
7879.485,1,1657,job start
7879.921,0,1658,job finish
7879.921,0,1659,job start
7881.247,4,1651,job finish
7881.247,4,1652,job start
7881.92,1,1657,job finish
7882.439,0,1659,job finish
7882.439,0,1660,job start
7883.147,2,1652,job finish
7883.147,2,1653,job start
7883.147,1,1658,job start
7883.465,4,1652,job finish
7883.959,3,1652,job finish
7883.959,4,1653,job start
7883.959,3,1653,job start
7886.007,0,1660,job finish
7886.007,0,1661,job start
7886.241,4,1653,job finish
7886.595,3,1653,job finish
7886.595,4,1654,job start
7886.748,2,1653,job finish
7886.748,3,1654,job start
7886.748,2,1654,job start
7887.097,1,1658,job finish
7887.097,1,1659,job start
7889.046,0,1661,job finish
7889.046,0,1662,job start
7889.482,1,1659,job finish
7890.63,2,1654,job finish
7890.63,2,1655,job start
7890.63,1,1660,job start
7891.494,0,1662,job finish
7891.494,0,1663,job start
7891.643,3,1654,job finish
7891.643,3,1655,job start
7893.538,2,1655,job finish
7893.538,2,1656,job start
7893.668,0,1663,job finish
7893.668,0,1664,job start
7893.841,1,1660,job finish
7893.841,1,1661,job start
7894.874,4,1654,job finish
7894.874,4,1655,job start
7895.347,3,1655,job finish
7895.347,3,1656,job start
7896.867,2,1656,job finish
7896.867,2,1657,job start
7897.05,1,1661,job finish
7897.05,1,1662,job start
7897.373,0,1664,job finish
7897.373,0,1665,job start
7899.012,3,1656,job finish
7899.012,3,1657,job start
7899.111,4,1655,job finish
7899.111,4,1656,job start
7902.165,0,1665,job finish
7902.165,0,1666,job start
7902.211,1,1662,job finish
7903.308,2,1657,job finish
7903.308,2,1658,job start
7903.308,1,1663,job start
7904.854,3,1657,job finish
7904.854,3,1658,job start
7905.373,0,1666,job finish
7905.373,0,1667,job start
7906.009,4,1656,job finish
7906.009,4,1657,job start
7906.804,1,1663,job finish
7906.874,2,1658,job finish
7906.874,2,1659,job start
7906.874,1,1664,job start
7908.604,4,1657,job finish
7908.604,4,1658,job start
7910.557,2,1659,job finish
7910.557,2,1660,job start
7910.922,1,1664,job finish
7910.922,1,1665,job start
7910.981,4,1658,job finish
7912.095,3,1658,job finish
7912.095,4,1659,job start
7912.095,3,1659,job start
7915.177,4,1659,job finish
7917.344,1,1665,job finish
7918.735,3,1659,job finish
7918.735,4,1660,job start
7918.735,3,1660,job start
7919.078,0,1667,job finish
7919.078,0,1668,job start
7921.271,3,1660,job finish
7922.523,2,1660,job finish
7922.523,3,1661,job start
7922.523,2,1661,job start
7922.523,1,1666,job start
7923.115,0,1668,job finish
7923.115,0,1669,job start
7923.59,4,1660,job finish
7923.59,4,1661,job start
7924.551,2,1661,job finish
7924.551,2,1662,job start
7925.056,1,1666,job finish
7925.056,1,1667,job start
7925.185,3,1661,job finish
7925.185,3,1662,job start
7925.384,0,1669,job finish
7925.384,0,1670,job start
7926.672,2,1662,job finish
7926.672,2,1663,job start
7927.678,0,1670,job finish
7927.678,0,1671,job start
7930.853,4,1661,job finish
7930.853,4,1662,job start
7931.451,1,1667,job finish
7931.451,1,1668,job start
7931.686,2,1663,job finish
7931.686,2,1664,job start
7932.994,0,1671,job finish
7932.994,0,1672,job start
7934.471,1,1668,job finish
7934.471,1,1669,job start
7938.124,0,1672,job finish
7938.124,0,1673,job start
7939.79,1,1669,job finish
7939.826,4,1662,job finish
7939.947,2,1664,job finish
7939.947,2,1665,job start
7939.947,1,1670,job start
7941.777,3,1662,job finish
7941.777,4,1663,job start
7941.777,3,1663,job start
7942.507,2,1665,job finish
7942.507,2,1666,job start
7943.038,0,1673,job finish
7943.038,0,1674,job start
7944.659,3,1663,job finish
7944.659,3,1664,job start
7945.147,4,1663,job finish
7945.147,4,1664,job start
7945.213,1,1670,job finish
7945.213,1,1671,job start
7945.492,2,1666,job finish
7945.492,2,1667,job start
7946.948,3,1664,job finish
7946.948,3,1665,job start
7947.55,1,1671,job finish
7947.55,1,1672,job start
7947.654,4,1664,job finish
7947.654,4,1665,job start
7949.101,2,1667,job finish
7949.101,2,1668,job start
7950.263,0,1674,job finish
7950.263,0,1675,job start
7950.271,4,1665,job finish
7950.377,1,1672,job finish
7950.377,1,1673,job start
7952.104,3,1665,job finish
7952.104,4,1666,job start
7952.104,3,1666,job start
7953.767,1,1673,job finish
7956.225,0,1675,job finish
7956.225,0,1676,job start
7956.31,4,1666,job finish
7958.231,3,1666,job finish
7958.231,4,1667,job start
7958.231,3,1667,job start
7958.76,0,1676,job finish
7958.76,0,1677,job start
7960.652,4,1667,job finish
7961.044,0,1677,job finish
7961.044,0,1678,job start
7961.33,3,1667,job finish
7961.33,4,1668,job start
7961.33,3,1668,job start
7963.646,0,1678,job finish
7964.39,3,1668,job finish
7964.496,2,1668,job finish
7964.496,3,1669,job start
7964.496,2,1669,job start
7964.496,1,1674,job start
7964.496,0,1679,job start
7967.41,3,1669,job finish
7967.427,2,1669,job finish
7967.427,3,1670,job start
7967.427,2,1670,job start
7969.439,0,1679,job finish
7970.109,3,1670,job finish
7970.147,2,1670,job finish
7970.147,3,1671,job start
7970.147,2,1671,job start
7972.531,2,1671,job finish
7972.531,2,1672,job start
7972.805,1,1674,job finish
7972.805,1,1675,job start
7972.805,0,1680,job start
7973.018,4,1668,job finish
7973.018,4,1669,job start
7974.787,2,1672,job finish
7974.787,2,1673,job start
7975.143,4,1669,job finish
7975.143,4,1670,job start
7975.361,3,1671,job finish
7975.361,3,1672,job start
7979.297,0,1680,job finish
7979.618,3,1672,job finish
7979.618,3,1673,job start
7981.04,1,1675,job finish
7981.04,1,1676,job start
7981.04,0,1681,job start
7981.43,2,1673,job finish
7981.43,2,1674,job start
7981.681,4,1670,job finish
7981.681,4,1671,job start
7983.047,0,1681,job finish
7984.243,3,1673,job finish
7984.243,3,1674,job start
7984.355,1,1676,job finish
7984.355,1,1677,job start
7984.355,0,1682,job start
7984.703,2,1674,job finish
7984.703,2,1675,job start
7985.739,4,1671,job finish
7985.739,4,1672,job start
7987.806,1,1677,job finish
7987.806,1,1678,job start
7988.446,0,1682,job finish
7988.446,0,1683,job start
7990.298,1,1678,job finish
7990.298,1,1679,job start
7990.509,2,1675,job finish
7990.509,2,1676,job start
7991.108,3,1674,job finish
7991.108,3,1675,job start
7992.326,4,1672,job finish
7992.326,4,1673,job start
7992.868,2,1676,job finish
7992.868,2,1677,job start
7994.517,0,1683,job finish
7994.517,0,1684,job start
7995.2,3,1675,job finish
7995.2,3,1676,job start
7995.592,2,1677,job finish
7995.592,2,1678,job start
7996.818,4,1673,job finish
7996.818,4,1674,job start
7997.071,1,1679,job finish
7997.071,1,1680,job start
7997.811,3,1676,job finish
7997.811,3,1677,job start
7998.255,2,1678,job finish
7998.255,2,1679,job start
7998.682,0,1684,job finish
7998.682,0,1685,job start
7999.717,1,1680,job finish
7999.717,1,1681,job start
8000.096,4,1674,job finish
8000.096,4,1675,job start
8001.537,2,1679,job finish
8001.537,2,1680,job start
8001.759,0,1685,job finish
8001.759,0,1686,job start
8002.886,4,1675,job finish
8002.886,4,1676,job start
8003.415,3,1677,job finish
8003.415,3,1678,job start
8005.18,2,1680,job finish
8005.18,2,1681,job start
8005.277,1,1681,job finish
8005.277,1,1682,job start
8006.375,3,1678,job finish
8006.375,3,1679,job start
8006.523,4,1676,job finish
8006.523,4,1677,job start
8007.425,2,1681,job finish
8007.425,2,1682,job start
8008.63,1,1682,job finish
8008.63,1,1683,job start
8008.753,4,1677,job finish
8008.753,4,1678,job start
8008.877,3,1679,job finish
8008.877,3,1680,job start
8009.056,0,1686,job finish
8009.056,0,1687,job start
8010.126,2,1682,job finish
8010.126,2,1683,job start
8012.385,1,1683,job finish
8012.385,1,1684,job start
8012.882,0,1687,job finish
8012.882,0,1688,job start
8013.023,4,1678,job finish
8013.023,4,1679,job start
8013.191,3,1680,job finish
8013.191,3,1681,job start
8015.083,4,1679,job finish
8015.083,4,1680,job start
8015.14,0,1688,job finish
8015.14,0,1689,job start
8016.513,1,1684,job finish
8016.513,1,1685,job start
8016.79,2,1683,job finish
8016.79,2,1684,job start
8017.213,4,1680,job finish
8017.213,4,1681,job start
8018.654,3,1681,job finish
8018.654,3,1682,job start
8020.121,4,1681,job finish
8020.121,4,1682,job start
8020.26,0,1689,job finish
8020.26,0,1690,job start
8021.045,2,1684,job finish
8021.045,2,1685,job start
8021.979,1,1685,job finish
8021.979,1,1686,job start
8022.592,4,1682,job finish
8024.196,3,1682,job finish
8024.196,4,1683,job start
8024.196,3,1683,job start
8025.149,0,1690,job finish
8025.149,0,1691,job start
8025.178,1,1686,job finish
8025.178,1,1687,job start
8027.356,2,1685,job finish
8027.356,2,1686,job start
8027.574,0,1691,job finish
8027.574,0,1692,job start
8028.171,1,1687,job finish
8028.171,1,1688,job start
8029.559,3,1683,job finish
8029.559,3,1684,job start
8030.61,1,1688,job finish
8030.61,1,1689,job start
8031.835,0,1692,job finish
8031.835,0,1693,job start
8033.24,1,1689,job finish
8033.24,1,1690,job start
8033.307,3,1684,job finish
8033.307,3,1685,job start
8033.328,2,1686,job finish
8033.328,2,1687,job start
8034.112,4,1683,job finish
8034.112,4,1684,job start
8035.23,0,1693,job finish
8035.23,0,1694,job start
8035.641,2,1687,job finish
8035.641,2,1688,job start
8038.136,0,1694,job finish
8038.136,0,1695,job start
8038.182,4,1684,job finish
8038.182,4,1685,job start
8038.356,1,1690,job finish
8038.356,1,1691,job start
8038.593,2,1688,job finish
8038.593,2,1689,job start
8040.487,3,1685,job finish
8040.487,3,1686,job start
8041.068,0,1695,job finish
8041.068,0,1696,job start
8041.31,4,1685,job finish
8041.31,4,1686,job start
8041.677,1,1691,job finish
8041.677,1,1692,job start
8042.73,2,1689,job finish
8042.73,2,1690,job start
8043.869,3,1686,job finish
8043.869,3,1687,job start
8043.973,0,1696,job finish
8043.973,0,1697,job start
8046.501,0,1697,job finish
8046.603,2,1690,job finish
8046.603,2,1691,job start
8047.446,1,1692,job finish
8047.446,1,1693,job start
8047.446,0,1698,job start
8049.013,4,1686,job finish
8049.013,4,1687,job start
8049.047,3,1687,job finish
8049.047,3,1688,job start
8050.257,2,1691,job finish
8050.257,2,1692,job start
8050.549,0,1698,job finish
8050.979,1,1693,job finish
8050.979,1,1694,job start
8050.979,0,1699,job start
8052.176,4,1687,job finish
8052.176,4,1688,job start
8052.476,2,1692,job finish
8052.476,2,1693,job start
8052.608,3,1688,job finish
8052.608,3,1689,job start
8053.417,1,1694,job finish
8053.417,1,1695,job start
8053.949,0,1699,job finish
8053.949,0,1700,job start
8056.198,0,1700,job finish
8058.32,2,1693,job finish
8058.32,2,1694,job start
8058.537,4,1688,job finish
8058.537,4,1689,job start
8058.928,3,1689,job finish
8058.928,3,1690,job start
8060.748,1,1695,job finish
8060.748,1,1696,job start
8060.748,0,1701,job start
8060.945,4,1689,job finish
8060.945,4,1690,job start
8062.472,3,1690,job finish
8062.472,3,1691,job start
8063.471,2,1694,job finish
8063.471,2,1695,job start
8063.54,1,1696,job finish
8063.54,1,1697,job start
8065.047,0,1701,job finish
8065.047,0,1702,job start
8065.351,3,1691,job finish
8065.351,3,1692,job start
8067.85,2,1695,job finish
8067.85,2,1696,job start
8069.27,1,1697,job finish
8069.27,1,1698,job start
8069.515,0,1702,job finish
8069.515,0,1703,job start
8070.543,3,1692,job finish
8070.543,3,1693,job start
8070.592,4,1690,job finish
8070.592,4,1691,job start
8071.824,0,1703,job finish
8072.223,2,1696,job finish
8072.223,2,1697,job start
8074.688,4,1691,job finish
8074.688,4,1692,job start
8075.01,3,1693,job finish
8075.01,3,1694,job start
8075.409,2,1697,job finish
8075.409,2,1698,job start
8076.639,1,1698,job finish
8076.639,1,1699,job start
8076.639,0,1704,job start
8078.134,3,1694,job finish
8078.134,3,1695,job start
8079.1,2,1698,job finish
8079.1,2,1699,job start
8080.003,4,1692,job finish
8080.003,4,1693,job start
8080.769,0,1704,job finish
8081.169,1,1699,job finish
8081.169,1,1700,job start
8081.169,0,1705,job start
8081.663,3,1695,job finish
8081.663,3,1696,job start
8082.024,4,1693,job finish
8082.024,4,1694,job start
8084.479,3,1696,job finish
8084.479,3,1697,job start
8084.962,1,1700,job finish
8084.962,1,1701,job start
8086.519,2,1699,job finish
8086.519,2,1700,job start
8087.27,1,1701,job finish
8087.27,1,1702,job start
8089.366,4,1694,job finish
8089.366,4,1695,job start
8090.566,3,1697,job finish
8090.566,3,1698,job start
8091.228,0,1705,job finish
8091.228,0,1706,job start
8091.703,4,1695,job finish
8091.703,4,1696,job start
8093.705,2,1700,job finish
8093.705,2,1701,job start
8093.81,4,1696,job finish
8093.81,4,1697,job start
8093.856,3,1698,job finish
8093.856,3,1699,job start
8094.612,0,1706,job finish
8094.612,0,1707,job start
8097.137,4,1697,job finish
8097.137,4,1698,job start
8097.243,2,1701,job finish
8097.243,2,1702,job start
8100.043,4,1698,job finish
8100.043,4,1699,job start
8100.066,2,1702,job finish
8100.232,1,1702,job finish
8100.232,2,1703,job start
8100.232,1,1703,job start
8100.947,0,1707,job finish
8100.947,0,1708,job start
8101.717,3,1699,job finish
8101.717,3,1700,job start
8104.238,0,1708,job finish
8104.274,1,1703,job finish
8104.274,1,1704,job start
8104.274,0,1709,job start
8104.893,3,1700,job finish
8104.893,3,1701,job start
8105.743,2,1703,job finish
8105.743,2,1704,job start
8105.847,4,1699,job finish
8105.847,4,1700,job start
8106.92,1,1704,job finish
8106.92,1,1705,job start
8107.512,3,1701,job finish
8107.512,3,1702,job start
8109.219,0,1709,job finish
8109.219,0,1710,job start
8109.942,3,1702,job finish
8109.942,3,1703,job start
8110.537,1,1705,job finish
8110.537,1,1706,job start
8111.648,2,1704,job finish
8111.648,2,1705,job start
8112.634,4,1700,job finish
8112.634,4,1701,job start
8113.465,0,1710,job finish
8113.465,0,1711,job start
8114.758,2,1705,job finish
8114.758,2,1706,job start
8116.748,3,1703,job finish
8116.748,3,1704,job start
8117.206,4,1701,job finish
8117.206,4,1702,job start
8117.259,2,1706,job finish
8118.157,0,1711,job finish
8119.31,4,1702,job finish
8119.31,4,1703,job start
8119.57,3,1704,job finish
8119.57,3,1705,job start
8120.641,1,1706,job finish
8120.641,2,1707,job start
8120.641,1,1707,job start
8120.641,0,1712,job start
8121.864,3,1705,job finish
8121.864,3,1706,job start
8122.354,4,1703,job finish
8122.354,4,1704,job start
8124.313,0,1712,job finish
8124.662,2,1707,job finish
8125.717,3,1706,job finish
8125.717,3,1707,job start
8126.155,1,1707,job finish
8126.155,2,1708,job start
8126.155,1,1708,job start
8126.155,0,1713,job start
8127.158,4,1704,job finish
8127.158,4,1705,job start
8128.131,3,1707,job finish
8128.131,3,1708,job start
8128.432,0,1713,job finish
8131.099,2,1708,job finish
8131.214,3,1708,job finish
8131.214,3,1709,job start
8133.364,1,1708,job finish
8133.364,2,1709,job start
8133.364,1,1709,job start
8133.364,0,1714,job start
8134.467,3,1709,job finish
8135.969,2,1709,job finish
8135.969,3,1710,job start
8136.744,1,1709,job finish
8136.744,2,1710,job start
8136.744,1,1710,job start
8137.184,0,1714,job finish
8137.184,0,1715,job start
8137.311,4,1705,job finish
8137.311,4,1706,job start
8139.552,1,1710,job finish
8139.552,1,1711,job start
8139.812,3,1710,job finish
8142.375,0,1715,job finish
8142.375,0,1716,job start
8143.65,1,1711,job finish
8143.65,1,1712,job start
8144.701,4,1706,job finish
8144.701,4,1707,job start
8144.938,2,1710,job finish
8144.938,3,1711,job start
8144.938,2,1711,job start
8147.284,1,1712,job finish
8147.284,1,1713,job start
8148.284,4,1707,job finish
8148.284,4,1708,job start
8149.528,3,1711,job finish
8150.123,2,1711,job finish
8150.123,3,1712,job start
8150.123,2,1712,job start
8151.234,0,1716,job finish
8151.234,0,1717,job start
8151.379,1,1713,job finish
8151.379,1,1714,job start
8152.253,2,1712,job finish
8152.253,2,1713,job start
8152.69,4,1708,job finish
8152.69,4,1709,job start
8154.258,2,1713,job finish
8154.258,2,1714,job start
8154.59,0,1717,job finish
8154.59,0,1718,job start
8154.792,3,1712,job finish
8154.792,3,1713,job start
8156.746,2,1714,job finish
8157.073,4,1709,job finish
8157.073,4,1710,job start
8157.201,3,1713,job finish
8157.201,3,1714,job start
8157.445,1,1714,job finish
8157.445,2,1715,job start
8157.445,1,1715,job start
8159.177,0,1718,job finish
8159.177,0,1719,job start
8159.994,4,1710,job finish
8159.994,4,1711,job start
8161.532,3,1714,job finish
8161.532,3,1715,job start
8162.651,1,1715,job finish
8162.651,1,1716,job start
8162.746,4,1711,job finish
8162.746,4,1712,job start
8162.877,2,1715,job finish
8162.877,2,1716,job start
8163.848,3,1715,job finish
8163.848,3,1716,job start
8165.185,4,1712,job finish
8165.185,4,1713,job start
8165.523,0,1719,job finish
8165.523,0,1720,job start
8165.526,1,1716,job finish
8165.526,1,1717,job start
8167.169,2,1716,job finish
8167.169,2,1717,job start
8167.229,3,1716,job finish
8167.229,3,1717,job start
8168.506,1,1717,job finish
8168.506,1,1718,job start
8168.621,0,1720,job finish
8168.621,0,1721,job start
8169.056,4,1713,job finish
8169.056,4,1714,job start
8170.389,3,1717,job finish
8171.983,4,1714,job finish
8171.983,4,1715,job start
8172.285,0,1721,job finish
8172.285,0,1722,job start
8172.795,2,1717,job finish
8172.795,3,1718,job start
8172.795,2,1718,job start
8174.462,1,1718,job finish
8174.462,1,1719,job start
8175.437,0,1722,job finish
8175.437,0,1723,job start
8176.958,3,1718,job finish
8177.864,1,1719,job finish
8177.864,1,1720,job start
8178.17,4,1715,job finish
8178.17,4,1716,job start
8178.202,2,1718,job finish
8178.202,3,1719,job start
8178.202,2,1719,job start
8180.663,4,1716,job finish
8180.663,4,1717,job start
8182.048,2,1719,job finish
8182.048,2,1720,job start
8182.149,3,1719,job finish
8182.149,3,1720,job start
8182.359,0,1723,job finish
8182.359,0,1724,job start
8184.809,3,1720,job finish
8184.895,0,1724,job finish
8184.895,0,1725,job start
8184.902,2,1720,job finish
8184.902,3,1721,job start
8185.553,1,1720,job finish
8185.553,2,1721,job start
8185.553,1,1721,job start
8187.946,2,1721,job finish
8188.491,0,1725,job finish
8188.491,0,1726,job start
8189.203,4,1717,job finish
8189.203,4,1718,job start
8189.332,3,1721,job finish
8189.332,3,1722,job start
8191.333,0,1726,job finish
8193.949,4,1718,job finish
8193.949,4,1719,job start
8195.536,1,1721,job finish
8195.536,2,1722,job start
8195.536,1,1722,job start
8195.536,0,1727,job start
8195.953,3,1722,job finish
8196.813,4,1719,job finish
8196.813,4,1720,job start
8198.413,0,1727,job finish
8199.005,2,1722,job finish
8199.005,3,1723,job start
8199.152,4,1720,job finish
8199.152,4,1721,job start
8201.896,4,1721,job finish
8201.896,4,1722,job start
8202.646,1,1722,job finish
8202.646,2,1723,job start
8202.646,1,1723,job start
8202.646,0,1728,job start
8203.476,3,1723,job finish
8204.686,2,1723,job finish
8204.686,3,1724,job start
8206.733,0,1728,job finish
8207.027,1,1723,job finish
8207.027,2,1724,job start
8207.027,1,1724,job start
8207.027,0,1729,job start
8209.057,2,1724,job finish
8209.222,0,1729,job finish
8209.42,1,1724,job finish
8209.42,2,1725,job start
8209.42,1,1725,job start
8209.42,0,1730,job start
8209.886,4,1722,job finish
8209.886,4,1723,job start
8211.649,3,1724,job finish
8211.649,3,1725,job start
8211.81,1,1725,job finish
8211.81,1,1726,job start
8211.914,0,1730,job finish
8211.914,0,1731,job start
8212.498,2,1725,job finish
8212.498,2,1726,job start
8213.652,4,1723,job finish
8213.652,4,1724,job start
8214.895,1,1726,job finish
8214.895,1,1727,job start
8214.957,2,1726,job finish
8214.957,2,1727,job start
8215.817,4,1724,job finish
8215.817,4,1725,job start
8216.834,0,1731,job finish
8216.834,0,1732,job start
8218.109,4,1725,job finish
8218.842,0,1732,job finish
8218.889,3,1725,job finish
8218.889,4,1726,job start
8218.889,3,1726,job start
8220.9,4,1726,job finish
8223.175,2,1727,job finish
8224.704,1,1727,job finish
8224.704,2,1728,job start
8224.704,1,1728,job start
8224.704,0,1733,job start
8226.537,3,1726,job finish
8226.537,4,1727,job start
8226.537,3,1727,job start
8227.47,1,1728,job finish
8227.47,1,1729,job start
8227.55,2,1728,job finish
8227.55,2,1729,job start
8229.654,0,1733,job finish
8229.654,0,1734,job start
8229.876,1,1729,job finish
8229.876,1,1730,job start
8230.24,3,1727,job finish
8230.24,3,1728,job start
8232.889,2,1729,job finish
8232.889,2,1730,job start
8234.544,1,1730,job finish
8234.544,1,1731,job start
8234.96,0,1734,job finish
8234.96,0,1735,job start
8236.733,4,1727,job finish
8236.733,4,1728,job start
8237.681,1,1731,job finish
8237.681,1,1732,job start
8237.7,0,1735,job finish
8237.7,0,1736,job start
8238.149,3,1728,job finish
8238.149,3,1729,job start
8239.139,2,1730,job finish
8239.139,2,1731,job start
8240.095,4,1728,job finish
8240.095,4,1729,job start
8242.002,3,1729,job finish
8242.002,3,1730,job start
8242.771,0,1736,job finish
8242.771,0,1737,job start
8244.92,1,1732,job finish
8244.92,1,1733,job start
8245.174,2,1731,job finish
8245.174,2,1732,job start
8246.481,0,1737,job finish
8246.481,0,1738,job start
8246.61,4,1729,job finish
8246.61,4,1730,job start
8248.451,2,1732,job finish
8248.451,2,1733,job start
8249.137,1,1733,job finish
8249.137,1,1734,job start
8249.304,0,1738,job finish
8249.304,0,1739,job start
8249.368,3,1730,job finish
8249.368,3,1731,job start
8251.228,4,1730,job finish
8251.228,4,1731,job start
8251.613,2,1733,job finish
8251.613,2,1734,job start
8252.836,0,1739,job finish
8253.667,3,1731,job finish
8253.667,3,1732,job start
8254.176,4,1731,job finish
8254.176,4,1732,job start
8254.388,1,1734,job finish
8254.388,1,1735,job start
8254.388,0,1740,job start
8256.562,4,1732,job finish
8257.07,0,1740,job finish
8259.529,3,1732,job finish
8259.529,4,1733,job start
8259.529,3,1733,job start
8259.644,2,1734,job finish
8259.644,2,1735,job start
8260.015,1,1735,job finish
8260.015,1,1736,job start
8260.015,0,1741,job start
8261.967,2,1735,job finish
8261.967,2,1736,job start
8262.987,3,1733,job finish
8262.987,3,1734,job start
8263.738,0,1741,job finish
8263.861,1,1736,job finish
8263.861,1,1737,job start
8263.861,0,1742,job start
8264.158,4,1733,job finish
8264.158,4,1734,job start
8266.034,3,1734,job finish
8266.034,3,1735,job start
8266.261,0,1742,job finish
8267.904,2,1736,job finish
8267.904,2,1737,job start
8267.917,1,1737,job finish
8267.917,1,1738,job start
8267.917,0,1743,job start
8269.917,4,1734,job finish
8269.917,4,1735,job start
8269.948,2,1737,job finish
8269.948,2,1738,job start
8271.017,0,1743,job finish
8273.432,3,1735,job finish
8273.432,3,1736,job start
8273.711,2,1738,job finish
8276.689,4,1735,job finish
8276.689,4,1736,job start
8276.795,3,1736,job finish
8276.795,3,1737,job start
8279.001,1,1738,job finish
8279.001,2,1739,job start
8279.001,1,1739,job start
8279.001,0,1744,job start
8279.868,4,1736,job finish
8279.868,4,1737,job start
8281.559,2,1739,job finish
8282.782,4,1737,job finish
8284.759,1,1739,job finish
8284.759,2,1740,job start
8284.759,1,1740,job start
8284.932,0,1744,job finish
8284.932,0,1745,job start
8285.432,3,1737,job finish
8285.432,4,1738,job start
8285.432,3,1738,job start
8287.239,2,1740,job finish
8287.319,1,1740,job finish
8287.319,2,1741,job start
8287.319,1,1741,job start
8288.189,0,1745,job finish
8288.189,0,1746,job start
8289.101,4,1738,job finish
8289.999,3,1738,job finish
8289.999,4,1739,job start
8289.999,3,1739,job start
8292.524,4,1739,job finish
8292.796,1,1741,job finish
8292.796,1,1742,job start
8293.41,3,1739,job finish
8293.41,4,1740,job start
8293.41,3,1740,job start
8295.3,2,1741,job finish
8295.3,2,1742,job start
8295.519,4,1740,job finish
8297.178,3,1740,job finish
8297.178,4,1741,job start
8297.178,3,1741,job start
8297.579,0,1746,job finish
8297.579,0,1747,job start
8297.748,1,1742,job finish
8297.748,1,1743,job start
8300.05,4,1741,job finish
8300.493,0,1747,job finish
8300.493,0,1748,job start
8303.646,2,1742,job finish
8303.646,2,1743,job start
8304.231,3,1741,job finish
8304.231,4,1742,job start
8304.231,3,1742,job start
8304.582,1,1743,job finish
8304.582,1,1744,job start
8306.423,4,1742,job finish
8306.928,0,1748,job finish
8306.928,0,1749,job start
8309.065,2,1743,job finish
8309.065,2,1744,job start
8309.082,1,1744,job finish
8309.082,1,1745,job start
8310.057,0,1749,job finish
8310.057,0,1750,job start
8311.595,1,1745,job finish
8311.595,1,1746,job start
8312.434,3,1742,job finish
8312.434,4,1743,job start
8312.434,3,1743,job start
8313.874,0,1750,job finish
8313.874,0,1751,job start
8314.913,3,1743,job finish
8314.913,3,1744,job start
8314.92,4,1743,job finish
8314.92,4,1744,job start
8315.267,1,1746,job finish
8315.267,1,1747,job start
8315.599,2,1744,job finish
8315.599,2,1745,job start
8317.419,0,1751,job finish
8317.419,0,1752,job start
8318.071,2,1745,job finish
8318.071,2,1746,job start
8318.75,1,1747,job finish
8318.75,1,1748,job start
8320.2,3,1744,job finish
8320.2,3,1745,job start
8321.012,2,1746,job finish
8321.012,2,1747,job start
8321.088,1,1748,job finish
8321.088,1,1749,job start
8321.951,0,1752,job finish
8321.951,0,1753,job start
8323.07,4,1744,job finish
8323.07,4,1745,job start
8323.333,3,1745,job finish
8323.333,3,1746,job start
8324.215,0,1753,job finish
8324.215,0,1754,job start
8324.327,2,1747,job finish
8324.327,2,1748,job start
8325.293,1,1749,job finish
8325.293,1,1750,job start
8326.419,2,1748,job finish
8326.419,2,1749,job start
8326.826,3,1746,job finish
8326.826,3,1747,job start
8327.334,0,1754,job finish
8327.334,0,1755,job start
8329.456,3,1747,job finish
8329.456,3,1748,job start
8330.172,4,1745,job finish
8330.172,4,1746,job start
8331.209,2,1749,job finish
8331.209,2,1750,job start
8332.2,4,1746,job finish
8332.2,4,1747,job start
8332.265,1,1750,job finish
8332.265,1,1751,job start
8333.514,2,1750,job finish
8333.514,2,1751,job start
8334.061,0,1755,job finish
8334.061,0,1756,job start
8335.439,3,1748,job finish
8335.439,3,1749,job start
8335.612,2,1751,job finish
8337.3,4,1747,job finish
8337.3,4,1748,job start
8339.592,0,1756,job finish
8340.882,3,1749,job finish
8340.882,3,1750,job start
8341.148,1,1751,job finish
8341.148,2,1752,job start
8341.148,1,1752,job start
8341.148,0,1757,job start
8343.617,2,1752,job finish
8344.082,4,1748,job finish
8344.082,4,1749,job start
8344.186,0,1757,job finish
8345.368,1,1752,job finish
8345.368,2,1753,job start
8345.368,1,1753,job start
8345.368,0,1758,job start
8346.264,4,1749,job finish
8346.264,4,1750,job start
8348.547,1,1753,job finish
8348.547,1,1754,job start
8349.184,4,1750,job finish
8350.915,3,1750,job finish
8350.915,4,1751,job start
8350.915,3,1751,job start
8351.387,2,1753,job finish
8351.387,2,1754,job start
8353.194,1,1754,job finish
8353.194,1,1755,job start
8354.734,3,1751,job finish
8354.734,3,1752,job start
8354.745,4,1751,job finish
8354.745,4,1752,job start
8355.919,1,1755,job finish
8355.919,1,1756,job start
8356.441,0,1758,job finish
8356.441,0,1759,job start
8357.103,4,1752,job finish
8358.042,2,1754,job finish
8358.042,2,1755,job start
8359.186,0,1759,job finish
8359.186,0,1760,job start
8359.218,3,1752,job finish
8359.218,4,1753,job start
8359.218,3,1753,job start
8360.018,1,1756,job finish
8360.018,1,1757,job start
8361.432,2,1755,job finish
8361.432,2,1756,job start
8362.117,3,1753,job finish
8362.117,3,1754,job start
8362.324,4,1753,job finish
8362.324,4,1754,job start
8364.068,0,1760,job finish
8364.068,0,1761,job start
8364.27,2,1756,job finish
8364.27,2,1757,job start
8364.851,3,1754,job finish
8364.851,3,1755,job start
8366.355,2,1757,job finish
8366.737,0,1761,job finish
8366.737,0,1762,job start
8367.036,1,1757,job finish
8367.036,2,1758,job start
8367.036,1,1758,job start
8367.858,3,1755,job finish
8367.858,3,1756,job start
8368.111,4,1754,job finish
8368.111,4,1755,job start
8368.891,0,1762,job finish
8368.891,0,1763,job start
8371.003,1,1758,job finish
8371.003,1,1759,job start
8372.425,2,1758,job finish
8372.425,2,1759,job start
8372.749,3,1756,job finish
8372.749,3,1757,job start
8372.911,0,1763,job finish
8372.911,0,1764,job start
8373.433,4,1755,job finish
8373.433,4,1756,job start
8375.228,2,1759,job finish
8375.572,4,1756,job finish
8375.572,4,1757,job start
8375.904,0,1764,job finish
8376.588,3,1757,job finish
8376.588,3,1758,job start
8379.487,4,1757,job finish
8379.487,4,1758,job start
8380.007,1,1759,job finish
8380.007,2,1760,job start
8380.007,1,1760,job start
8380.007,0,1765,job start
8380.197,3,1758,job finish
8380.197,3,1759,job start
8381.544,4,1758,job finish
8381.544,4,1759,job start
8382.622,3,1759,job finish
8382.622,3,1760,job start
8384.669,4,1759,job finish
8384.669,4,1760,job start
8384.902,2,1760,job finish
8385.333,3,1760,job finish
8385.333,3,1761,job start
8386.768,4,1760,job finish
8386.768,4,1761,job start
8389.203,4,1761,job finish
8391.7,1,1760,job finish
8391.7,2,1761,job start
8391.7,1,1761,job start
8391.979,0,1765,job finish
8391.979,0,1766,job start
8394.391,0,1766,job finish
8395.242,2,1761,job finish
8398.591,3,1761,job finish
8398.591,4,1762,job start
8398.591,3,1762,job start
8400.076,1,1761,job finish
8400.076,2,1762,job start
8400.076,1,1762,job start
8400.076,0,1767,job start
8400.998,4,1762,job finish
8401.592,3,1762,job finish
8401.592,4,1763,job start
8402.101,0,1767,job finish
8403.578,2,1762,job finish
8403.578,3,1763,job start
8403.772,4,1763,job finish
8404.38,1,1762,job finish
8404.38,2,1763,job start
8404.38,1,1763,job start
8404.38,0,1768,job start
8406.657,0,1768,job finish
8407.057,2,1763,job finish
8407.721,1,1763,job finish
8407.721,2,1764,job start
8407.721,1,1764,job start
8407.721,0,1769,job start
8409.903,3,1763,job finish
8409.903,4,1764,job start
8409.903,3,1764,job start
8410.086,2,1764,job finish
8410.375,0,1769,job finish
8410.553,1,1764,job finish
8410.553,2,1765,job start
8410.553,1,1765,job start
8410.553,0,1770,job start
8412.13,4,1764,job finish
8412.452,3,1764,job finish
8412.452,4,1765,job start
8412.452,3,1765,job start
8413.752,2,1765,job finish
8415.272,3,1765,job finish
8415.272,3,1766,job start
8415.39,1,1765,job finish
8415.39,2,1766,job start
8415.39,1,1766,job start
8415.519,0,1770,job finish
8415.519,0,1771,job start
8416.022,4,1765,job finish
8416.022,4,1766,job start
8417.856,3,1766,job finish
8418.601,0,1771,job finish
8419.187,2,1766,job finish
8419.187,3,1767,job start
8419.251,1,1766,job finish
8419.251,2,1767,job start
8419.251,1,1767,job start
8419.251,0,1772,job start
8420.078,4,1766,job finish
8420.078,4,1767,job start
8421.602,3,1767,job finish
8423.03,4,1767,job finish
8423.03,4,1768,job start
8423.31,1,1767,job finish
8423.31,1,1768,job start
8423.547,2,1767,job finish
8423.547,3,1768,job start
8423.547,2,1768,job start
8425.847,4,1768,job finish
8425.962,3,1768,job finish
8425.962,4,1769,job start
8426.443,1,1768,job finish
8426.443,1,1769,job start
8426.725,2,1768,job finish
8426.725,3,1769,job start
8426.725,2,1769,job start
8426.871,0,1772,job finish
8426.871,0,1773,job start
8428.198,4,1769,job finish
8428.842,2,1769,job finish
8430.111,0,1773,job finish
8430.111,0,1774,job start
8432.205,1,1769,job finish
8432.205,2,1770,job start
8432.205,1,1770,job start
8433.958,0,1774,job finish
8433.958,0,1775,job start
8435.112,3,1769,job finish
8435.112,4,1770,job start
8435.112,3,1770,job start
8436.266,0,1775,job finish
8436.605,2,1770,job finish
8438.357,1,1770,job finish
8438.357,2,1771,job start
8438.357,1,1771,job start
8438.357,0,1776,job start
8438.458,4,1770,job finish
8440.43,3,1770,job finish
8440.43,4,1771,job start
8440.43,3,1771,job start
8440.491,2,1771,job finish
8440.902,1,1771,job finish
8440.902,2,1772,job start
8440.902,1,1772,job start
8443.291,0,1776,job finish
8443.291,0,1777,job start
8443.851,1,1772,job finish
8443.851,1,1773,job start
8443.872,4,1771,job finish
8444.908,3,1771,job finish
8444.908,4,1772,job start
8444.908,3,1772,job start
8445.973,0,1777,job finish
8445.973,0,1778,job start
8445.985,2,1772,job finish
8445.985,2,1773,job start
8446.236,1,1773,job finish
8446.236,1,1774,job start
8447.312,3,1772,job finish
8447.312,3,1773,job start
8448.183,0,1778,job finish
8448.183,0,1779,job start
8448.912,1,1774,job finish
8448.912,1,1775,job start
8449.145,4,1772,job finish
8449.145,4,1773,job start
8451.724,3,1773,job finish
8452.225,1,1775,job finish
8452.225,1,1776,job start
8452.888,0,1779,job finish
8452.888,0,1780,job start
8453.946,2,1773,job finish
8453.946,3,1774,job start
8453.946,2,1774,job start
8454.51,1,1776,job finish
8454.51,1,1777,job start
8455.1,4,1773,job finish
8455.1,4,1774,job start
8456.44,0,1780,job finish
8456.44,0,1781,job start
8456.894,1,1777,job finish
8456.894,1,1778,job start
8458.684,2,1774,job finish
8458.684,2,1775,job start
8459.251,3,1774,job finish
8459.251,3,1775,job start
8460.969,1,1778,job finish
8460.969,1,1779,job start
8461.182,2,1775,job finish
8461.182,2,1776,job start
8461.449,4,1774,job finish
8461.449,4,1775,job start
8462.078,0,1781,job finish
8462.078,0,1782,job start
8462.293,3,1775,job finish
8462.293,3,1776,job start
8464.167,0,1782,job finish
8464.167,0,1783,job start
8464.194,4,1775,job finish
8464.194,4,1776,job start
8464.282,1,1779,job finish
8464.282,1,1780,job start
8464.982,3,1776,job finish
8465.754,2,1776,job finish
8465.754,3,1777,job start
8465.754,2,1777,job start
8466.653,0,1783,job finish
8466.653,0,1784,job start
8466.873,1,1780,job finish
8466.873,1,1781,job start
8468.048,3,1777,job finish
8468.428,2,1777,job finish
8468.428,3,1778,job start
8468.428,2,1778,job start
8468.957,0,1784,job finish
8468.957,0,1785,job start
8469.765,4,1776,job finish
8469.765,4,1777,job start
8472.077,4,1777,job finish
8472.077,4,1778,job start
8472.278,0,1785,job finish
8472.278,0,1786,job start
8472.453,1,1781,job finish
8472.453,1,1782,job start
8474.12,3,1778,job finish
8475.244,2,1778,job finish
8475.244,3,1779,job start
8475.244,2,1779,job start
8475.532,0,1786,job finish
8475.532,0,1787,job start
8475.85,4,1778,job finish
8475.85,4,1779,job start
8477.875,1,1782,job finish
8477.875,1,1783,job start
8478.672,2,1779,job finish
8478.672,2,1780,job start
8479.403,0,1787,job finish
8479.403,0,1788,job start
8479.931,3,1779,job finish
8479.931,3,1780,job start
8481.198,2,1780,job finish
8481.198,2,1781,job start
8482.521,0,1788,job finish
8483.163,3,1780,job finish
8483.163,3,1781,job start
8483.91,1,1783,job finish
8483.91,1,1784,job start
8483.91,0,1789,job start
8484.091,2,1781,job finish
8484.091,2,1782,job start
8484.824,4,1779,job finish
8484.824,4,1780,job start
8486.154,2,1782,job finish
8486.154,2,1783,job start
8486.41,3,1781,job finish
8486.41,3,1782,job start
8486.55,0,1789,job finish
8486.737,1,1784,job finish
8486.737,1,1785,job start
8486.737,0,1790,job start
8488.17,2,1783,job finish
8488.17,2,1784,job start
8489.151,1,1785,job finish
8489.151,1,1786,job start
8489.601,3,1782,job finish
8489.601,3,1783,job start
8489.993,0,1790,job finish
8489.993,0,1791,job start
8492.025,4,1780,job finish
8492.025,4,1781,job start
8492.349,1,1786,job finish
8492.349,1,1787,job start
8493.346,2,1784,job finish
8493.346,2,1785,job start
8495.222,4,1781,job finish
8495.222,4,1782,job start
8495.637,1,1787,job finish
8495.637,1,1788,job start
8496.268,3,1783,job finish
8496.268,3,1784,job start
8496.38,2,1785,job finish
8496.38,2,1786,job start
8497.31,0,1791,job finish
8497.31,0,1792,job start
8498.237,1,1788,job finish
8498.237,1,1789,job start
8498.907,4,1782,job finish
8498.907,4,1783,job start
8500.196,0,1792,job finish
8500.196,0,1793,job start
8501.197,4,1783,job finish
8501.197,4,1784,job start
8502.432,1,1789,job finish
8502.432,1,1790,job start
8503.029,2,1786,job finish
8503.029,2,1787,job start
8503.714,4,1784,job finish
8504.822,0,1793,job finish
8504.822,0,1794,job start
8504.872,1,1790,job finish
8504.872,1,1791,job start
8504.906,3,1784,job finish
8504.906,4,1785,job start
8504.906,3,1785,job start
8506.04,2,1787,job finish
8506.04,2,1788,job start
8507.185,1,1791,job finish
8507.185,1,1792,job start
8508.271,2,1788,job finish
8508.271,2,1789,job start
8510.938,2,1789,job finish
8510.938,2,1790,job start
8511.92,4,1785,job finish
8512.051,3,1785,job finish
8512.051,4,1786,job start
8512.051,3,1786,job start
8513.064,0,1794,job finish
8513.064,0,1795,job start
8513.806,1,1792,job finish
8513.806,1,1793,job start
8514.502,4,1786,job finish
8515.029,2,1790,job finish
8515.029,2,1791,job start
8516.433,3,1786,job finish
8516.433,4,1787,job start
8516.433,3,1787,job start
8516.773,1,1793,job finish
8516.773,1,1794,job start
8517.627,2,1791,job finish
8517.627,2,1792,job start
8518.717,4,1787,job finish
8519.128,1,1794,job finish
8519.128,1,1795,job start
8519.931,3,1787,job finish
8519.931,4,1788,job start
8519.931,3,1788,job start
8521.329,0,1795,job finish
8521.329,0,1796,job start
8523.724,2,1792,job finish
8523.724,2,1793,job start
8523.854,0,1796,job finish
8523.854,0,1797,job start
8523.901,3,1788,job finish
8523.901,3,1789,job start
8525.483,4,1788,job finish
8525.483,4,1789,job start
8525.678,1,1795,job finish
8525.678,1,1796,job start
8526.323,0,1797,job finish
8526.323,0,1798,job start
8526.463,3,1789,job finish
8526.463,3,1790,job start
8527.41,2,1793,job finish
8527.41,2,1794,job start
8528.201,1,1796,job finish
8528.201,1,1797,job start
8528.326,0,1798,job finish
8528.326,0,1799,job start
8529.607,2,1794,job finish
8529.607,2,1795,job start
8530.757,4,1789,job finish
8530.757,4,1790,job start
8531.014,0,1799,job finish
8531.014,0,1800,job start
8531.535,1,1797,job finish
8531.535,1,1798,job start
8532.712,2,1795,job finish
8532.942,4,1790,job finish
8533.533,3,1790,job finish
8533.533,4,1791,job start
8533.533,3,1791,job start
8533.533,2,1796,job start
8534.526,0,1800,job finish
8534.526,0,1801,job start
8535.675,2,1796,job finish
8535.999,3,1791,job finish
8535.999,3,1792,job start
8535.999,2,1797,job start
8536.888,1,1798,job finish
8536.888,1,1799,job start
8537.643,4,1791,job finish
8537.643,4,1792,job start
8538.11,0,1801,job finish
8538.11,0,1802,job start
8538.793,2,1797,job finish
8540.044,1,1799,job finish
8540.044,1,1800,job start
8540.478,3,1792,job finish
8540.478,3,1793,job start
8540.478,2,1798,job start
8541.307,0,1802,job finish
8541.307,0,1803,job start
8542.351,1,1800,job finish
8542.351,1,1801,job start
8542.721,2,1798,job finish
8542.748,4,1792,job finish
8542.748,4,1793,job start
8543.858,3,1793,job finish
8543.858,3,1794,job start
8543.858,2,1799,job start
8544.694,0,1803,job finish
8544.694,0,1804,job start
8545.078,1,1801,job finish
8545.078,1,1802,job start
8546.799,2,1799,job finish
8547.573,4,1793,job finish
8547.573,4,1794,job start
8548.991,1,1802,job finish
8548.991,1,1803,job start
8549.515,0,1804,job finish
8549.515,0,1805,job start
8550.777,3,1794,job finish
8550.777,3,1795,job start
8550.777,2,1800,job start
8552.667,0,1805,job finish
8552.667,0,1806,job start
8552.877,4,1794,job finish
8552.877,4,1795,job start
8554.542,1,1803,job finish
8554.542,1,1804,job start
8554.711,2,1800,job finish
8554.984,4,1795,job finish
8555.263,3,1795,job finish
8555.263,4,1796,job start
8555.263,3,1796,job start
8555.263,2,1801,job start
8557.273,2,1801,job finish
8558.357,0,1806,job finish
8558.357,0,1807,job start
8562.724,4,1796,job finish
8563.54,0,1807,job finish
8563.54,0,1808,job start
8563.645,3,1796,job finish
8563.645,4,1797,job start
8563.645,3,1797,job start
8563.645,2,1802,job start
8564.438,1,1804,job finish
8564.438,1,1805,job start
8566.281,4,1797,job finish
8566.293,3,1797,job finish
8566.293,4,1798,job start
8566.293,3,1798,job start
8566.493,0,1808,job finish
8566.493,0,1809,job start
8567.34,2,1802,job finish
8567.34,2,1803,job start
8569.232,3,1798,job finish
8569.232,3,1799,job start
8569.449,0,1809,job finish
8569.449,0,1810,job start
8569.79,4,1798,job finish
8569.79,4,1799,job start
8570.069,1,1805,job finish
8570.069,1,1806,job start
8571.844,2,1803,job finish
8571.844,2,1804,job start
8572.221,4,1799,job finish
8573.767,3,1799,job finish
8573.767,4,1800,job start
8573.767,3,1800,job start
8576.141,4,1800,job finish
8577.49,0,1810,job finish
8577.49,0,1811,job start
8577.629,2,1804,job finish
8577.629,2,1805,job start
8577.658,1,1806,job finish
8577.658,1,1807,job start
8579.735,2,1805,job finish
8581.896,0,1811,job finish
8581.896,0,1812,job start
8582.248,1,1807,job finish
8582.248,1,1808,job start
8582.856,3,1800,job finish
8582.856,4,1801,job start
8582.856,3,1801,job start
8582.856,2,1806,job start
8585.934,3,1801,job finish
8585.934,3,1802,job start
8586.39,0,1812,job finish
8586.39,0,1813,job start
8587.225,2,1806,job finish
8587.225,2,1807,job start
8587.959,1,1808,job finish
8587.959,1,1809,job start
8588.598,0,1813,job finish
8588.598,0,1814,job start
8588.691,4,1801,job finish
8588.691,4,1802,job start
8590.906,4,1802,job finish
8591.114,0,1814,job finish
8591.177,2,1807,job finish
8591.832,1,1809,job finish
8591.832,1,1810,job start
8591.832,0,1815,job start
8594.651,0,1815,job finish
8596.196,3,1802,job finish
8596.196,4,1803,job start
8596.196,3,1803,job start
8596.196,2,1808,job start
8597.269,1,1810,job finish
8597.269,1,1811,job start
8597.269,0,1816,job start
8598.501,4,1803,job finish
8599.656,1,1811,job finish
8599.656,1,1812,job start
8599.937,2,1808,job finish
8600.465,3,1803,job finish
8600.465,4,1804,job start
8600.465,3,1804,job start
8600.465,2,1809,job start
8602.087,0,1816,job finish
8602.087,0,1817,job start
8603.506,2,1809,job finish
8604.542,3,1804,job finish
8604.542,3,1805,job start
8604.542,2,1810,job start
8604.794,1,1812,job finish
8604.794,1,1813,job start
8606.692,2,1810,job finish
8607.218,4,1804,job finish
8607.218,4,1805,job start
8608.49,1,1813,job finish
8608.49,1,1814,job start
8608.597,3,1805,job finish
8608.597,3,1806,job start
8608.597,2,1811,job start
8608.619,0,1817,job finish
8608.619,0,1818,job start
8610.092,4,1805,job finish
8610.092,4,1806,job start
8610.939,0,1818,job finish
8610.939,0,1819,job start
8611.793,1,1814,job finish
8611.793,1,1815,job start
8613.174,3,1806,job finish
8613.174,3,1807,job start
8613.937,4,1806,job finish
8613.937,4,1807,job start
8614.258,0,1819,job finish
8614.258,0,1820,job start
8615.933,2,1811,job finish
8615.933,2,1812,job start
8616.315,4,1807,job finish
8617.226,0,1820,job finish
8617.659,1,1815,job finish
8617.659,1,1816,job start
8617.659,0,1821,job start
8618.258,3,1807,job finish
8618.258,4,1808,job start
8618.258,3,1808,job start
8619.776,0,1821,job finish
8619.934,1,1816,job finish
8619.934,1,1817,job start
8619.934,0,1822,job start
8620.737,4,1808,job finish
8621.63,2,1812,job finish
8621.63,2,1813,job start
8622.473,3,1808,job finish
8622.473,4,1809,job start
8622.473,3,1809,job start
8622.658,1,1817,job finish
8622.658,1,1818,job start
8623.914,2,1813,job finish
8623.914,2,1814,job start
8624.494,0,1822,job finish
8624.494,0,1823,job start
8624.572,4,1809,job finish
8626.645,2,1814,job finish
8626.658,1,1818,job finish
8626.658,1,1819,job start
8628.046,3,1809,job finish
8628.046,4,1810,job start
8628.046,3,1810,job start
8628.046,2,1815,job start
8630.318,2,1815,job finish
8631.742,4,1810,job finish
8632.779,3,1810,job finish
8632.779,4,1811,job start
8632.779,3,1811,job start
8632.779,2,1816,job start
8634.044,0,1823,job finish
8634.044,0,1824,job start
8634.913,4,1811,job finish
8635.833,2,1816,job finish
8636.92,0,1824,job finish
8638.063,1,1819,job finish
8638.063,1,1820,job start
8638.063,0,1825,job start
8638.46,3,1811,job finish
8638.46,4,1812,job start
8638.46,3,1812,job start
8638.46,2,1817,job start
8640.586,4,1812,job finish
8641.497,3,1812,job finish
8641.497,4,1813,job start
8641.497,3,1813,job start
8641.73,1,1820,job finish
8641.73,1,1821,job start
8641.992,0,1825,job finish
8641.992,0,1826,job start
8642.852,2,1817,job finish
8642.852,2,1818,job start
8644.412,1,1821,job finish
8644.412,1,1822,job start
8645.003,3,1813,job finish
8645.003,3,1814,job start
8645.083,4,1813,job finish
8645.083,4,1814,job start
8646.14,2,1818,job finish
8646.14,2,1819,job start
8646.364,0,1826,job finish
8646.364,0,1827,job start
8647.275,4,1814,job finish
8647.741,3,1814,job finish
8647.741,4,1815,job start
8647.741,3,1815,job start
8647.859,1,1822,job finish
8647.859,1,1823,job start
8648.236,2,1819,job finish
8648.236,2,1820,job start
8649.155,0,1827,job finish
8649.155,0,1828,job start
8650.029,3,1815,job finish
8650.029,3,1816,job start
8650.543,2,1820,job finish
8650.543,2,1821,job start
8650.75,4,1815,job finish
8650.75,4,1816,job start
8651.658,0,1828,job finish
8653.776,1,1823,job finish
8653.776,1,1824,job start
8653.776,0,1829,job start
8653.897,4,1816,job finish
8654.212,2,1821,job finish
8656.486,1,1824,job finish
8656.486,1,1825,job start
8656.964,0,1829,job finish
8656.964,0,1830,job start
8657.707,3,1816,job finish
8657.707,4,1817,job start
8657.707,3,1817,job start
8657.707,2,1822,job start
8659.956,2,1822,job finish
8660.043,3,1817,job finish
8660.043,3,1818,job start
8660.043,2,1823,job start
8660.802,1,1825,job finish
8660.802,1,1826,job start
8661.241,0,1830,job finish
8661.241,0,1831,job start
8662.559,4,1817,job finish
8662.559,4,1818,job start
8663.574,2,1823,job finish
8664.957,4,1818,job finish
8667.661,3,1818,job finish
8667.661,4,1819,job start
8667.661,3,1819,job start
8667.661,2,1824,job start
8668.345,1,1826,job finish
8668.345,1,1827,job start
8670.004,0,1831,job finish
8670.004,0,1832,job start
8671.005,2,1824,job finish
8671.432,3,1819,job finish
8671.432,3,1820,job start
8671.432,2,1825,job start
8671.873,4,1819,job finish
8671.873,4,1820,job start
8672.529,0,1832,job finish
8674.926,1,1827,job finish
8674.926,1,1828,job start
8674.926,0,1833,job start
8675.709,2,1825,job finish
8676.439,4,1820,job finish
8677.757,1,1828,job finish
8677.757,1,1829,job start
8678.157,3,1820,job finish
8678.157,4,1821,job start
8678.157,3,1821,job start
8678.157,2,1826,job start
8680.814,4,1821,job finish
8681.01,0,1833,job finish
8681.01,0,1834,job start
8681.356,1,1829,job finish
8681.356,1,1830,job start
8683.279,2,1826,job finish
8683.647,0,1834,job finish
8683.647,0,1835,job start
8685.235,3,1821,job finish
8685.235,4,1822,job start
8685.235,3,1822,job start
8685.235,2,1827,job start
8685.827,1,1830,job finish
8685.827,1,1831,job start
8686.842,0,1835,job finish
8686.842,0,1836,job start
8687.961,3,1822,job finish
8687.961,3,1823,job start
8688.457,1,1831,job finish
8688.457,1,1832,job start
8688.565,2,1827,job finish
8688.565,2,1828,job start
8688.586,4,1822,job finish
8688.586,4,1823,job start
8691.094,3,1823,job finish
8691.094,3,1824,job start
8691.221,2,1828,job finish
8691.221,2,1829,job start
8691.577,0,1836,job finish
8691.577,0,1837,job start
8692.815,1,1832,job finish
8692.815,1,1833,job start
8692.904,4,1823,job finish
8692.904,4,1824,job start
8693.322,2,1829,job finish
8693.634,0,1837,job finish
8693.634,0,1838,job start
8695.852,4,1824,job finish
8696.046,0,1838,job finish
8696.732,3,1824,job finish
8696.732,4,1825,job start
8696.732,3,1825,job start
8696.732,2,1830,job start
8698.813,4,1825,job finish
8699.29,2,1830,job finish
8700.78,1,1833,job finish
8700.78,1,1834,job start
8700.78,0,1839,job start
8702.481,3,1825,job finish
8702.481,4,1826,job start
8702.481,3,1826,job start
8702.481,2,1831,job start
8704.556,0,1839,job finish
8704.697,4,1826,job finish
8706.368,2,1831,job finish
8706.401,3,1826,job finish
8706.401,4,1827,job start
8706.401,3,1827,job start
8706.401,2,1832,job start
8708.398,1,1834,job finish
8708.398,1,1835,job start
8708.398,0,1840,job start
8710.135,3,1827,job finish
8710.135,3,1828,job start
8710.337,2,1832,job finish
8710.337,2,1833,job start
8710.692,1,1835,job finish
8710.692,1,1836,job start
8710.97,0,1840,job finish
8710.97,0,1841,job start
8712.36,2,1833,job finish
8713.074,3,1828,job finish
8713.074,3,1829,job start
8713.074,2,1834,job start
8713.2,0,1841,job finish
8715.163,4,1827,job finish
8715.163,4,1828,job start
8715.917,3,1829,job finish
8715.917,3,1830,job start
8717.224,4,1828,job finish
8717.224,4,1829,job start
8717.253,2,1834,job finish
8717.253,2,1835,job start
8718.186,3,1830,job finish
8718.186,3,1831,job start
8719.614,4,1829,job finish
8719.614,4,1830,job start
8719.626,1,1836,job finish
8719.626,1,1837,job start
8719.626,0,1842,job start
8720.978,2,1835,job finish
8720.978,2,1836,job start
8721.841,4,1830,job finish
8721.841,4,1831,job start
8722.062,0,1842,job finish
8724.091,3,1831,job finish
8724.091,3,1832,job start
8724.399,1,1837,job finish
8724.399,1,1838,job start
8724.399,0,1843,job start
8724.748,4,1831,job finish
8724.748,4,1832,job start
8724.961,2,1836,job finish
8724.961,2,1837,job start
8726.602,3,1832,job finish
8726.602,3,1833,job start
8726.636,0,1843,job finish
8726.932,4,1832,job finish
8726.932,4,1833,job start
8727.646,2,1837,job finish
8727.646,2,1838,job start
8728.016,1,1838,job finish
8728.016,1,1839,job start
8728.016,0,1844,job start
8729.683,3,1833,job finish
8729.683,3,1834,job start
8730.004,2,1838,job finish
8730.004,2,1839,job start
8730.46,1,1839,job finish
8730.46,1,1840,job start
8732.875,2,1839,job finish
8733.406,0,1844,job finish
8733.406,0,1845,job start
8733.612,3,1834,job finish
8733.612,3,1835,job start
8733.612,2,1840,job start
8734.145,4,1833,job finish
8734.145,4,1834,job start
8735.201,1,1840,job finish
8735.201,1,1841,job start
8735.841,2,1840,job finish
8736.154,4,1834,job finish
8736.154,4,1835,job start
8736.518,3,1835,job finish
8736.518,3,1836,job start
8736.518,2,1841,job start
8737.903,1,1841,job finish
8737.903,1,1842,job start
8739.451,0,1845,job finish
8739.451,0,1846,job start
8739.607,2,1841,job finish
8741.067,1,1842,job finish
8741.067,1,1843,job start
8742.124,0,1846,job finish
8742.124,0,1847,job start
8742.207,4,1835,job finish
8742.207,4,1836,job start
8742.407,3,1836,job finish
8742.407,3,1837,job start
8742.407,2,1842,job start
8744.277,4,1836,job finish
8744.277,4,1837,job start
8744.297,0,1847,job finish
8744.297,0,1848,job start
8744.765,2,1842,job finish
8744.78,3,1837,job finish
8744.78,3,1838,job start
8744.78,2,1843,job start
8745.069,1,1843,job finish
8745.069,1,1844,job start
8746.36,0,1848,job finish
8746.36,0,1849,job start
8747.142,3,1838,job finish
8747.142,3,1839,job start
8747.847,1,1844,job finish
8747.847,1,1845,job start
8748.663,2,1843,job finish
8748.663,2,1844,job start
8750.246,1,1845,job finish
8750.246,1,1846,job start
8750.538,0,1849,job finish
8750.538,0,1850,job start
8751.509,4,1837,job finish
8751.509,4,1838,job start
8752.324,2,1844,job finish
8752.699,0,1850,job finish
8752.699,0,1851,job start
8754.128,4,1838,job finish
8754.128,4,1839,job start
8758.476,4,1839,job finish
8758.487,3,1839,job finish
8758.487,4,1840,job start
8758.487,3,1840,job start
8758.487,2,1845,job start
8758.619,1,1846,job finish
8758.619,1,1847,job start
8758.986,0,1851,job finish
8758.986,0,1852,job start
8761.094,2,1845,job finish
8761.148,0,1852,job finish
8763.475,1,1847,job finish
8763.475,1,1848,job start
8763.475,0,1853,job start
8764.417,4,1840,job finish
8765.518,3,1840,job finish
8765.518,4,1841,job start
8765.518,3,1841,job start
8765.518,2,1846,job start
8765.607,0,1853,job finish
8767.858,4,1841,job finish
8767.955,1,1848,job finish
8767.955,1,1849,job start
8767.955,0,1854,job start
8769.478,3,1841,job finish
8769.478,4,1842,job start
8769.478,3,1842,job start
8770.359,2,1846,job finish
8770.359,2,1847,job start
8770.928,0,1854,job finish
8772.202,1,1849,job finish
8772.202,1,1850,job start
8772.202,0,1855,job start
8773.29,4,1842,job finish
8773.511,3,1842,job finish
8773.511,4,1843,job start
8773.511,3,1843,job start
8774.559,0,1855,job finish
8775.843,1,1850,job finish
8775.843,1,1851,job start
8775.843,0,1856,job start
8775.847,2,1847,job finish
8775.847,2,1848,job start
8776.321,4,1843,job finish
8776.394,3,1843,job finish
8776.394,4,1844,job start
8776.394,3,1844,job start
8778.657,4,1844,job finish
8779.576,2,1848,job finish
8779.576,2,1849,job start
8779.842,1,1851,job finish
8779.842,1,1852,job start
8779.947,0,1856,job finish
8779.947,0,1857,job start
8781.112,3,1844,job finish
8781.112,4,1845,job start
8781.112,3,1845,job start
8784.014,4,1845,job finish
8784.495,0,1857,job finish
8785.148,3,1845,job finish
8785.148,4,1846,job start
8785.148,3,1846,job start
8785.552,2,1849,job finish
8785.552,2,1850,job start
8788.214,3,1846,job finish
8788.214,3,1847,job start
8788.289,2,1850,job finish
8788.289,2,1851,job start
8790.505,1,1852,job finish
8790.505,1,1853,job start
8790.505,0,1858,job start
8790.601,3,1847,job finish
8790.601,3,1848,job start
8790.666,4,1846,job finish
8790.666,4,1847,job start
8790.771,2,1851,job finish
8790.771,2,1852,job start
8792.857,2,1852,job finish
8792.857,2,1853,job start
8793.917,3,1848,job finish
8793.917,3,1849,job start
8794.353,4,1847,job finish
8794.353,4,1848,job start
8794.687,1,1853,job finish
8794.687,1,1854,job start
8796.268,3,1849,job finish
8796.268,3,1850,job start
8796.872,2,1853,job finish
8796.872,2,1854,job start
8797.964,1,1854,job finish
8797.964,1,1855,job start
8799.33,4,1848,job finish
8799.33,4,1849,job start
8801.189,0,1858,job finish
8801.189,0,1859,job start
8801.254,1,1855,job finish
8801.254,1,1856,job start
8801.27,2,1854,job finish
8801.27,2,1855,job start
8803.048,4,1849,job finish
8803.048,4,1850,job start
8803.532,0,1859,job finish
8803.532,0,1860,job start
8804.158,2,1855,job finish
8806.289,3,1850,job finish
8806.289,3,1851,job start
8806.289,2,1856,job start
8806.709,1,1856,job finish
8806.709,1,1857,job start
8807.896,0,1860,job finish
8807.896,0,1861,job start
8808.267,4,1850,job finish
8808.267,4,1851,job start
8809.252,3,1851,job finish
8809.252,3,1852,job start
8810.519,0,1861,job finish
8810.519,0,1862,job start
8810.87,1,1857,job finish
8810.87,1,1858,job start
8811.095,2,1856,job finish
8811.095,2,1857,job start
8811.508,3,1852,job finish
8811.508,3,1853,job start
8811.656,4,1851,job finish
8811.656,4,1852,job start
8813.913,1,1858,job finish
8813.913,1,1859,job start
8814.556,2,1857,job finish
8814.556,2,1858,job start
8814.61,3,1853,job finish
8814.61,3,1854,job start
8816.216,4,1852,job finish
8816.216,4,1853,job start
8816.548,1,1859,job finish
8816.548,1,1860,job start
8817.663,2,1858,job finish
8817.663,2,1859,job start
8818.357,3,1854,job finish
8818.357,3,1855,job start
8818.659,0,1862,job finish
8818.659,0,1863,job start
8819.383,4,1853,job finish
8819.383,4,1854,job start
8821.684,0,1863,job finish
8821.684,0,1864,job start
8821.691,1,1860,job finish
8821.691,1,1861,job start
8822.587,4,1854,job finish
8822.587,4,1855,job start
8823.151,2,1859,job finish
8823.151,2,1860,job start
8824.402,1,1861,job finish
8824.402,1,1862,job start
8826.028,2,1860,job finish
8826.999,3,1855,job finish
8826.999,3,1856,job start
8826.999,2,1861,job start
8827.701,1,1862,job finish
8827.701,1,1863,job start
8828.287,4,1855,job finish
8828.287,4,1856,job start
8829.162,2,1861,job finish
8829.713,3,1856,job finish
8829.713,3,1857,job start
8829.713,2,1862,job start
8830.375,1,1863,job finish
8830.375,1,1864,job start
8830.478,4,1856,job finish
8830.478,4,1857,job start
8832.238,0,1864,job finish
8832.238,0,1865,job start
8834.345,1,1864,job finish
8834.345,1,1865,job start
8834.922,2,1862,job finish
8835.549,4,1857,job finish
8836.329,3,1857,job finish
8836.329,4,1858,job start
8836.329,3,1858,job start
8836.329,2,1863,job start
8839.371,2,1863,job finish
8839.895,0,1865,job finish
8839.895,0,1866,job start
8842.466,4,1858,job finish
8842.935,3,1858,job finish
8842.935,4,1859,job start
8842.935,3,1859,job start
8842.935,2,1864,job start
8843.227,0,1866,job finish
8843.227,0,1867,job start
8845.149,2,1864,job finish
8845.74,0,1867,job finish
8845.74,0,1868,job start
8845.824,1,1865,job finish
8845.824,1,1866,job start
8849.24,4,1859,job finish
8850.1,1,1866,job finish
8850.1,1,1867,job start
8850.7,0,1868,job finish
8850.7,0,1869,job start
8852.558,3,1859,job finish
8852.558,4,1860,job start
8852.558,3,1860,job start
8852.558,2,1865,job start
8854.839,0,1869,job finish
8854.839,0,1870,job start
8856.367,4,1860,job finish
8856.718,2,1865,job finish
8856.756,3,1860,job finish
8856.756,4,1861,job start
8856.756,3,1861,job start
8856.756,2,1866,job start
8857.703,1,1867,job finish
8857.703,1,1868,job start
8859.006,0,1870,job finish
8859.006,0,1871,job start
8861.214,2,1866,job finish
8861.434,4,1861,job finish
8861.637,3,1861,job finish
8861.637,4,1862,job start
8861.637,3,1862,job start
8861.637,2,1867,job start
8862.514,1,1868,job finish
8862.514,1,1869,job start
8863.325,0,1871,job finish
8863.325,0,1872,job start
8863.838,2,1867,job finish
8865.068,3,1862,job finish
8865.068,3,1863,job start
8865.068,2,1868,job start
8867.462,3,1863,job finish
8867.462,3,1864,job start
8868.084,2,1868,job finish
8868.084,2,1869,job start
8868.261,0,1872,job finish
8868.261,0,1873,job start
8869.709,4,1862,job finish
8869.709,4,1863,job start
8869.808,1,1869,job finish
8869.808,1,1870,job start
8870.683,2,1869,job finish
8872.625,0,1873,job finish
8872.625,0,1874,job start
8872.63,4,1863,job finish
8872.63,4,1864,job start
8872.889,1,1870,job finish
8872.889,1,1871,job start
8875.142,1,1871,job finish
8875.142,1,1872,job start
8875.534,3,1864,job finish
8875.534,3,1865,job start
8875.534,2,1870,job start
8876.159,0,1874,job finish
8876.159,0,1875,job start
8877.782,2,1870,job finish
8878.893,1,1872,job finish
8878.893,1,1873,job start
8878.907,0,1875,job finish
8878.907,0,1876,job start
8879.099,3,1865,job finish
8879.099,3,1866,job start
8879.099,2,1871,job start
8879.143,4,1864,job finish
8879.143,4,1865,job start
8881.421,0,1876,job finish
8881.421,0,1877,job start
8882.173,4,1865,job finish
8882.173,4,1866,job start
8883.062,1,1873,job finish
8883.062,1,1874,job start
8883.271,3,1866,job finish
8883.271,3,1867,job start
8883.488,2,1871,job finish
8883.488,2,1872,job start
8884.636,0,1877,job finish
8884.636,0,1878,job start
8884.783,4,1866,job finish
8884.783,4,1867,job start
8886.718,3,1867,job finish
8886.718,3,1868,job start
8887.779,2,1872,job finish
8887.779,2,1873,job start
8888.737,4,1867,job finish
8888.737,4,1868,job start
8888.739,0,1878,job finish
8888.739,0,1879,job start
8889.097,1,1874,job finish
8889.097,1,1875,job start
8889.663,3,1868,job finish
8889.663,3,1869,job start
8891.626,1,1875,job finish
8891.626,1,1876,job start
8891.652,2,1873,job finish
8891.652,2,1874,job start
8892.446,0,1879,job finish
8892.446,0,1880,job start
8893.884,1,1876,job finish
8893.884,1,1877,job start
8894.639,3,1869,job finish
8894.639,3,1870,job start
8894.779,0,1880,job finish
8894.779,0,1881,job start
8895.181,4,1868,job finish
8895.181,4,1869,job start
8897.571,0,1881,job finish
8897.571,0,1882,job start
8898.82,4,1869,job finish
8898.82,4,1870,job start
8899.36,2,1874,job finish
8899.36,2,1875,job start
8901.089,4,1870,job finish
8901.537,3,1870,job finish
8901.537,4,1871,job start
8901.537,3,1871,job start
8902.437,0,1882,job finish
8902.84,1,1877,job finish
8902.84,1,1878,job start
8902.84,0,1883,job start
8903.606,4,1871,job finish
8904.035,2,1875,job finish
8904.035,2,1876,job start
8905.601,1,1878,job finish
8905.601,1,1879,job start
8905.774,3,1871,job finish
8905.774,4,1872,job start
8905.774,3,1872,job start
8905.881,0,1883,job finish
8905.881,0,1884,job start
8906.729,2,1876,job finish
8906.729,2,1877,job start
8908.338,4,1872,job finish
8909.589,3,1872,job finish
8909.589,4,1873,job start
8909.589,3,1873,job start
8910.095,2,1877,job finish
8910.095,2,1878,job start
8911.04,1,1879,job finish
8911.04,1,1880,job start
8912.82,4,1873,job finish
8912.995,0,1884,job finish
8912.995,0,1885,job start
8916.146,3,1873,job finish
8916.146,4,1874,job start
8916.146,3,1874,job start
8916.749,2,1878,job finish
8916.749,2,1879,job start
8916.855,1,1880,job finish
8916.855,1,1881,job start
8919.292,0,1885,job finish
8919.292,0,1886,job start
8920.417,2,1879,job finish
8920.673,4,1874,job finish
8920.887,3,1874,job finish
8920.887,4,1875,job start
8920.887,3,1875,job start
8920.887,2,1880,job start
8924.212,0,1886,job finish
8924.653,4,1875,job finish
8924.82,1,1881,job finish
8924.82,1,1882,job start
8924.82,0,1887,job start
8927.008,3,1875,job finish
8927.008,4,1876,job start
8927.008,3,1876,job start
8927.362,2,1880,job finish
8927.362,2,1881,job start
8927.969,1,1882,job finish
8927.969,1,1883,job start
8928.664,0,1887,job finish
8928.664,0,1888,job start
8929.234,4,1876,job finish
8929.519,3,1876,job finish
8929.519,4,1877,job start
8929.519,3,1877,job start
8930.533,1,1883,job finish
8930.533,1,1884,job start
8932.169,4,1877,job finish
8932.918,2,1881,job finish
8932.918,2,1882,job start
8934.605,0,1888,job finish
8934.605,0,1889,job start
8934.811,1,1884,job finish
8934.811,1,1885,job start
8936.678,0,1889,job finish
8936.678,0,1890,job start
8937.155,3,1877,job finish
8937.155,4,1878,job start
8937.155,3,1878,job start
8938.32,1,1885,job finish
8938.32,1,1886,job start
8939.808,0,1890,job finish
8939.808,0,1891,job start
8939.814,3,1878,job finish
8939.814,3,1879,job start
8940.046,2,1882,job finish
8940.046,2,1883,job start
8941.132,4,1878,job finish
8941.132,4,1879,job start
8942.519,1,1886,job finish
8942.519,1,1887,job start
8943.557,4,1879,job finish
8944.112,0,1891,job finish
8944.112,0,1892,job start
8944.885,3,1879,job finish
8944.885,4,1880,job start
8944.885,3,1880,job start
8945.013,2,1883,job finish
8945.013,2,1884,job start
8947.556,1,1887,job finish
8947.556,1,1888,job start
8948.022,3,1880,job finish
8948.022,3,1881,job start
8948.503,4,1880,job finish
8948.503,4,1881,job start
8951.248,1,1888,job finish
8951.248,1,1889,job start
8951.558,3,1881,job finish
8951.558,3,1882,job start
8951.986,0,1892,job finish
8951.986,0,1893,job start
8952.887,4,1881,job finish
8952.887,4,1882,job start
8953.135,2,1884,job finish
8953.135,2,1885,job start
8953.771,1,1889,job finish
8953.771,1,1890,job start
8953.971,3,1882,job finish
8953.971,3,1883,job start
8954.419,0,1893,job finish
8954.419,0,1894,job start
8956.35,3,1883,job finish
8956.35,3,1884,job start
8956.616,1,1890,job finish
8956.811,0,1894,job finish
8956.811,0,1895,job start
8957.382,2,1885,job finish
8957.382,2,1886,job start
8957.382,1,1891,job start
8958.136,4,1882,job finish
8958.136,4,1883,job start
8959.254,3,1884,job finish
8959.254,3,1885,job start
8959.545,0,1895,job finish
8959.545,0,1896,job start
8961.988,1,1891,job finish
8963.347,2,1886,job finish
8963.347,2,1887,job start
8963.347,1,1892,job start
8963.761,0,1896,job finish
8963.761,0,1897,job start
8963.927,4,1883,job finish
8963.927,4,1884,job start
8965.721,3,1885,job finish
8965.721,3,1886,job start
8965.782,2,1887,job finish
8965.782,2,1888,job start
8965.85,0,1897,job finish
8966.464,4,1884,job finish
8966.464,4,1885,job start
8967.009,1,1892,job finish
8967.009,1,1893,job start
8967.009,0,1898,job start
8968.692,2,1888,job finish
8968.692,2,1889,job start
8969.585,0,1898,job finish
8970.47,1,1893,job finish
8970.47,1,1894,job start
8970.47,0,1899,job start
8971.019,3,1886,job finish
8971.019,3,1887,job start
8971.117,4,1885,job finish
8971.117,4,1886,job start
8972.789,1,1894,job finish
8973.358,3,1887,job finish
8973.358,3,1888,job start
8975.15,4,1886,job finish
8975.15,4,1887,job start
8977.036,0,1899,job finish
8977.955,4,1887,job finish
8977.955,4,1888,job start
8980.791,2,1889,job finish
8980.791,2,1890,job start
8980.791,1,1895,job start
8980.791,0,1900,job start
8983.11,1,1895,job finish
8984.407,0,1900,job finish
8984.819,3,1888,job finish
8984.819,3,1889,job start
8985.136,2,1890,job finish
8985.136,2,1891,job start
8985.136,1,1896,job start
8985.136,0,1901,job start
8985.193,4,1888,job finish
8985.193,4,1889,job start
8987.941,2,1891,job finish
8987.941,2,1892,job start
8988.348,3,1889,job finish
8988.348,3,1890,job start
8989.343,4,1889,job finish
8989.343,4,1890,job start
8991.867,1,1896,job finish
8991.867,1,1897,job start
8992.55,3,1890,job finish
8992.55,3,1891,job start
8992.6,4,1890,job finish
8992.6,4,1891,job start
8992.792,2,1892,job finish
8992.792,2,1893,job start
8992.896,0,1901,job finish
8992.896,0,1902,job start
8995.104,0,1902,job finish
8995.447,4,1891,job finish
8995.634,2,1893,job finish
8995.634,2,1894,job start
8997.785,3,1891,job finish
8997.785,4,1892,job start
8997.785,3,1892,job start
9000.152,2,1894,job finish
9000.152,2,1895,job start
9000.369,4,1892,job finish
9001.664,1,1897,job finish
9001.664,1,1898,job start
9001.664,0,1903,job start
9003.357,2,1895,job finish
9003.357,2,1896,job start
9005.693,3,1892,job finish
9005.693,4,1893,job start
9005.693,3,1893,job start
9005.966,1,1898,job finish
9005.966,1,1899,job start
9006.244,2,1896,job finish
9006.244,2,1897,job start
9007.002,0,1903,job finish
9007.002,0,1904,job start
9008.525,3,1893,job finish
9008.525,3,1894,job start
9008.858,1,1899,job finish
9008.858,1,1900,job start
9009.24,0,1904,job finish
9009.24,0,1905,job start
9009.512,4,1893,job finish
9009.512,4,1894,job start
9009.722,2,1897,job finish
9009.722,2,1898,job start
9011.381,1,1900,job finish
9011.381,1,1901,job start
9012.108,2,1898,job finish
9012.108,2,1899,job start
9012.321,3,1894,job finish
9012.321,3,1895,job start
9012.349,4,1894,job finish
9012.349,4,1895,job start
9012.515,0,1905,job finish
9012.515,0,1906,job start
9013.889,1,1901,job finish
9013.889,1,1902,job start
9015.212,2,1899,job finish
9015.212,2,1900,job start
9015.355,3,1895,job finish
9015.355,3,1896,job start
9015.584,4,1895,job finish
9015.584,4,1896,job start
9016.179,1,1902,job finish
9016.179,1,1903,job start
9017.823,4,1896,job finish
9017.98,3,1896,job finish
9017.98,4,1897,job start
9017.98,3,1897,job start
9017.993,0,1906,job finish
9017.993,0,1907,job start
9019.415,2,1900,job finish
9019.415,2,1901,job start
9021.387,4,1897,job finish
9022.143,0,1907,job finish
9022.143,0,1908,job start
9022.633,3,1897,job finish
9022.633,4,1898,job start
9022.633,3,1898,job start
9024.021,2,1901,job finish
9024.021,2,1902,job start
9025.55,0,1908,job finish
9027.221,1,1903,job finish
9027.221,1,1904,job start
9027.221,0,1909,job start
9027.6,4,1898,job finish
9029.716,2,1902,job finish
9029.716,2,1903,job start
9030.069,1,1904,job finish
9030.069,1,1905,job start
9031.113,3,1898,job finish
9031.113,4,1899,job start
9031.113,3,1899,job start
9033.436,0,1909,job finish
9033.436,0,1910,job start
9034.297,4,1899,job finish
9034.856,2,1903,job finish
9034.856,2,1904,job start
9035.268,1,1905,job finish
9035.268,1,1906,job start
9035.826,0,1910,job finish
9035.826,0,1911,job start
9035.966,3,1899,job finish
9035.966,4,1900,job start
9035.966,3,1900,job start
9037.315,2,1904,job finish
9037.315,2,1905,job start
9038.851,3,1900,job finish
9038.851,3,1901,job start
9039.381,2,1905,job finish
9039.381,2,1906,job start
9039.856,4,1900,job finish
9039.856,4,1901,job start
9040.454,1,1906,job finish
9040.454,1,1907,job start
9041.734,0,1911,job finish
9041.734,0,1912,job start
9041.957,3,1901,job finish
9041.957,3,1902,job start
9042.123,2,1906,job finish
9042.123,2,1907,job start
9042.789,1,1907,job finish
9042.789,1,1908,job start
9044.637,3,1902,job finish
9044.637,3,1903,job start
9044.662,2,1907,job finish
9044.662,2,1908,job start
9045.095,0,1912,job finish
9045.095,0,1913,job start
9046.149,4,1901,job finish
9046.149,4,1902,job start
9047.702,2,1908,job finish
9048.697,3,1903,job finish
9048.697,3,1904,job start
9049.289,0,1913,job finish
9049.6,4,1902,job finish
9049.6,4,1903,job start
9050.095,1,1908,job finish
9050.095,2,1909,job start
9050.095,1,1909,job start
9050.095,0,1914,job start
9052.74,1,1909,job finish
9052.74,1,1910,job start
9054.0,0,1914,job finish
9054.0,0,1915,job start
9054.334,4,1903,job finish
9054.334,4,1904,job start
9056.059,3,1904,job finish
9056.059,3,1905,job start
9056.635,1,1910,job finish
9056.635,1,1911,job start
9057.104,2,1909,job finish
9057.104,2,1910,job start
9057.377,4,1904,job finish
9057.377,4,1905,job start
9058.589,0,1915,job finish
9058.589,0,1916,job start
9059.901,4,1905,job finish
9060.243,2,1910,job finish
9060.845,3,1905,job finish
9060.845,4,1906,job start
9060.845,3,1906,job start
9060.845,2,1911,job start
9062.924,4,1906,job finish
9062.991,2,1911,job finish
9063.045,0,1916,job finish
9063.945,3,1906,job finish
9063.945,4,1907,job start
9063.945,3,1907,job start
9067.925,3,1907,job finish
9067.925,3,1908,job start
9069.125,1,1911,job finish
9069.125,2,1912,job start
9069.125,1,1912,job start
9069.125,0,1917,job start
9069.247,4,1907,job finish
9069.247,4,1908,job start
9070.219,3,1908,job finish
9070.219,3,1909,job start
9071.889,4,1908,job finish
9071.889,4,1909,job start
9072.029,1,1912,job finish
9072.029,1,1913,job start
9074.167,4,1909,job finish
9075.218,2,1912,job finish
9075.218,2,1913,job start
9075.842,1,1913,job finish
9075.842,1,1914,job start
9076.188,0,1917,job finish
9076.188,0,1918,job start
9079.299,2,1913,job finish
9079.299,2,1914,job start
9079.391,1,1914,job finish
9079.391,1,1915,job start
9079.812,3,1909,job finish
9079.812,4,1910,job start
9079.812,3,1910,job start
9080.526,0,1918,job finish
9080.526,0,1919,job start
9081.716,1,1915,job finish
9081.716,1,1916,job start
9082.513,4,1910,job finish
9083.576,0,1919,job finish
9083.576,0,1920,job start
9084.277,3,1910,job finish
9084.277,4,1911,job start
9084.277,3,1911,job start
9085.0,1,1916,job finish
9085.0,1,1917,job start
9086.397,0,1920,job finish
9086.397,0,1921,job start
9087.768,2,1914,job finish
9087.768,2,1915,job start
9088.89,4,1911,job finish
9089.738,0,1921,job finish
9089.738,0,1922,job start
9090.064,1,1917,job finish
9090.064,1,1918,job start
9090.946,2,1915,job finish
9090.946,2,1916,job start
9092.593,0,1922,job finish
9092.593,0,1923,job start
9093.178,3,1911,job finish
9093.178,4,1912,job start
9093.178,3,1912,job start
9093.3,2,1916,job finish
9093.3,2,1917,job start
9094.139,1,1918,job finish
9094.139,1,1919,job start
9095.552,0,1923,job finish
9095.552,0,1924,job start
9096.166,4,1912,job finish
9097.235,2,1917,job finish
9097.651,0,1924,job finish
9099.687,3,1912,job finish
9099.687,4,1913,job start
9099.687,3,1913,job start
9099.687,2,1918,job start
9100.787,1,1919,job finish
9100.787,1,1920,job start
9100.787,0,1925,job start
9102.218,4,1913,job finish
9104.584,2,1918,job finish
9107.308,3,1913,job finish
9107.308,4,1914,job start
9107.308,3,1914,job start
9107.308,2,1919,job start
9108.418,1,1920,job finish
9108.418,1,1921,job start
9109.502,4,1914,job finish
9109.96,2,1919,job finish
9110.609,0,1925,job finish
9110.609,0,1926,job start
9110.876,1,1921,job finish
9110.876,1,1922,job start
9112.83,3,1914,job finish
9112.83,4,1915,job start
9112.83,3,1915,job start
9112.83,2,1920,job start
9114.878,1,1922,job finish
9114.878,1,1923,job start
9115.104,4,1915,job finish
9115.596,0,1926,job finish
9115.596,0,1927,job start
9118.43,0,1927,job finish
9118.43,0,1928,job start
9119.546,3,1915,job finish
9119.546,4,1916,job start
9119.546,3,1916,job start
9123.367,2,1920,job finish
9123.367,2,1921,job start
9125.203,4,1916,job finish
9127.443,0,1928,job finish
9127.527,1,1923,job finish
9127.527,1,1924,job start
9127.527,0,1929,job start
9129.966,2,1921,job finish
9132.644,1,1924,job finish
9132.644,1,1925,job start
9132.931,0,1929,job finish
9132.931,0,1930,job start
9134.783,3,1916,job finish
9134.783,4,1917,job start
9134.783,3,1917,job start
9134.783,2,1922,job start
9135.919,1,1925,job finish
9135.919,1,1926,job start
9136.846,2,1922,job finish
9137.263,0,1930,job finish
9137.263,0,1931,job start
9137.771,4,1917,job finish
9139.654,3,1917,job finish
9139.654,4,1918,job start
9139.654,3,1918,job start
9139.654,2,1923,job start
9141.198,1,1926,job finish
9141.198,1,1927,job start
9141.274,0,1931,job finish
9141.274,0,1932,job start
9143.678,3,1918,job finish
9143.678,3,1919,job start
9143.693,2,1923,job finish
9143.693,2,1924,job start
9144.614,1,1927,job finish
9144.614,1,1928,job start
9146.398,0,1932,job finish
9146.398,0,1933,job start
9147.372,1,1928,job finish
9147.372,1,1929,job start
9147.522,4,1918,job finish
9147.522,4,1919,job start
9149.805,4,1919,job finish
9150.336,2,1924,job finish
9150.372,0,1933,job finish
9150.372,0,1934,job start
9151.961,3,1919,job finish
9151.961,4,1920,job start
9151.961,3,1920,job start
9151.961,2,1925,job start
9155.121,0,1934,job finish
9155.809,2,1925,job finish
9159.014,1,1929,job finish
9159.014,1,1930,job start
9159.014,0,1935,job start
9159.503,3,1920,job finish
9159.503,3,1921,job start
9159.503,2,1926,job start
9162.041,2,1926,job finish
9162.71,3,1921,job finish
9162.71,3,1922,job start
9162.71,2,1927,job start
9162.799,0,1935,job finish
9162.939,1,1930,job finish
9162.939,1,1931,job start
9162.939,0,1936,job start
9164.302,4,1920,job finish
9164.302,4,1921,job start
9165.241,2,1927,job finish
9165.387,0,1936,job finish
9166.029,3,1922,job finish
9166.029,3,1923,job start
9166.029,2,1928,job start
9166.885,4,1921,job finish
9166.885,4,1922,job start
9168.894,4,1922,job finish
9168.894,4,1923,job start
9169.51,2,1928,job finish
9169.696,1,1931,job finish
9169.696,1,1932,job start
9169.696,0,1937,job start
9172.238,4,1923,job finish
9173.212,1,1932,job finish
9173.212,1,1933,job start
9173.541,0,1937,job finish
9173.541,0,1938,job start
9174.475,3,1923,job finish
9174.475,4,1924,job start
9174.475,3,1924,job start
9174.475,2,1929,job start
9175.932,0,1938,job finish
9176.852,2,1929,job finish
9176.875,3,1924,job finish
9176.875,3,1925,job start
9176.875,2,1930,job start
9178.84,1,1933,job finish
9178.84,1,1934,job start
9178.84,0,1939,job start
9181.217,1,1934,job finish
9181.217,1,1935,job start
9182.058,2,1930,job finish
9185.375,3,1925,job finish
9185.375,3,1926,job start
9185.375,2,1931,job start
9185.71,0,1939,job finish
9185.71,0,1940,job start
9185.849,4,1924,job finish
9185.849,4,1925,job start
9188.626,4,1925,job finish
9188.626,4,1926,job start
9189.355,2,1931,job finish
9189.707,3,1926,job finish
9189.707,3,1927,job start
9189.707,2,1932,job start
9190.133,0,1940,job finish
9190.75,4,1926,job finish
9190.75,4,1927,job start
9191.554,1,1935,job finish
9191.554,1,1936,job start
9191.554,0,1941,job start
9191.799,2,1932,job finish
9192.689,3,1927,job finish
9192.689,3,1928,job start
9192.689,2,1933,job start
9194.429,0,1941,job finish
9194.899,1,1936,job finish
9194.899,1,1937,job start
9194.899,0,1942,job start
9195.724,3,1928,job finish
9195.724,3,1929,job start
9196.449,2,1933,job finish
9196.449,2,1934,job start
9197.606,0,1942,job finish
9198.1,4,1927,job finish
9198.1,4,1928,job start
9198.886,2,1934,job finish
9199.113,1,1937,job finish
9199.113,1,1938,job start
9199.113,0,1943,job start
9200.125,4,1928,job finish
9200.125,4,1929,job start
9201.591,1,1938,job finish
9201.591,1,1939,job start
9203.919,1,1939,job finish
9204.829,0,1943,job finish
9204.829,0,1944,job start
9206.832,3,1929,job finish
9206.832,3,1930,job start
9206.832,2,1935,job start
9206.832,1,1940,job start
9208.119,4,1929,job finish
9208.119,4,1930,job start
9208.37,0,1944,job finish
9208.37,0,1945,job start
9210.632,0,1945,job finish
9211.059,1,1940,job finish
9211.278,4,1930,job finish
9211.683,3,1930,job finish
9211.683,4,1931,job start
9211.683,3,1931,job start
9212.881,2,1935,job finish
9212.881,2,1936,job start
9212.881,1,1941,job start
9212.881,0,1946,job start
9213.987,3,1931,job finish
9213.987,3,1932,job start
9215.097,4,1931,job finish
9215.097,4,1932,job start
9215.383,0,1946,job finish
9216.847,1,1941,job finish
9217.171,4,1932,job finish
9217.498,2,1936,job finish
9217.498,2,1937,job start
9217.498,1,1942,job start
9217.498,0,1947,job start
9219.815,3,1932,job finish
9219.815,4,1933,job start
9219.815,3,1933,job start
9219.958,0,1947,job finish
9220.958,2,1937,job finish
9220.958,2,1938,job start
9221.719,1,1942,job finish
9221.719,1,1943,job start
9221.719,0,1948,job start
9222.752,3,1933,job finish
9222.752,3,1934,job start
9222.962,2,1938,job finish
9222.962,2,1939,job start
9224.122,0,1948,job finish
9225.41,3,1934,job finish
9225.41,3,1935,job start
9225.63,1,1943,job finish
9225.63,1,1944,job start
9225.63,0,1949,job start
9226.225,2,1939,job finish
9226.225,2,1940,job start
9227.586,4,1933,job finish
9227.586,4,1934,job start
9229.155,0,1949,job finish
9229.597,1,1944,job finish
9229.597,1,1945,job start
9229.597,0,1950,job start
9230.523,3,1935,job finish
9230.523,3,1936,job start
9231.615,0,1950,job finish
9232.441,2,1940,job finish
9232.441,2,1941,job start
9233.821,1,1945,job finish
9233.821,1,1946,job start
9233.821,0,1951,job start
9233.821,4,1934,job finish
9233.821,4,1935,job start
9235.422,3,1936,job finish
9235.422,3,1937,job start
9235.53,2,1941,job finish
9235.53,2,1942,job start
9237.38,0,1951,job finish
9237.976,4,1935,job finish
9237.976,4,1936,job start
9239.438,2,1942,job finish
9239.468,1,1946,job finish
9239.468,1,1947,job start
9239.468,0,1952,job start
9240.168,3,1937,job finish
9240.168,3,1938,job start
9240.168,2,1943,job start
9240.63,4,1936,job finish
9240.63,4,1937,job start
9242.705,0,1952,job finish
9243.407,4,1937,job finish
9243.407,4,1938,job start
9244.254,3,1938,job finish
9244.254,3,1939,job start
9244.428,2,1943,job finish
9244.428,2,1944,job start
9245.722,1,1947,job finish
9245.722,1,1948,job start
9245.722,0,1953,job start
9246.234,4,1938,job finish
9246.234,4,1939,job start
9248.199,2,1944,job finish
9248.386,3,1939,job finish
9248.386,3,1940,job start
9248.386,2,1945,job start
9248.491,0,1953,job finish
9248.61,4,1939,job finish
9248.61,4,1940,job start
9248.907,1,1948,job finish
9248.907,1,1949,job start
9248.907,0,1954,job start
9251.051,4,1940,job finish
9253.961,0,1954,job finish
9253.991,2,1945,job finish
9254.028,1,1949,job finish
9254.028,1,1950,job start
9254.028,0,1955,job start
9254.047,3,1940,job finish
9254.047,4,1941,job start
9254.047,3,1941,job start
9254.047,2,1946,job start
9256.096,4,1941,job finish
9256.296,1,1950,job finish
9256.296,1,1951,job start
9257.599,0,1955,job finish
9257.599,0,1956,job start
9257.611,3,1941,job finish
9257.611,4,1942,job start
9257.611,3,1942,job start
9258.086,2,1946,job finish
9258.086,2,1947,job start
9259.617,1,1951,job finish
9259.617,1,1952,job start
9261.111,0,1956,job finish
9261.111,0,1957,job start
9261.206,3,1942,job finish
9261.206,3,1943,job start
9261.529,4,1942,job finish
9261.529,4,1943,job start
9261.632,2,1947,job finish
9261.632,2,1948,job start
9263.782,0,1957,job finish
9264.757,4,1943,job finish
9265.781,2,1948,job finish
9266.09,3,1943,job finish
9266.09,4,1944,job start
9266.09,3,1944,job start
9266.09,2,1949,job start
9266.206,1,1952,job finish
9266.206,1,1953,job start
9266.206,0,1958,job start
9268.938,0,1958,job finish
9269.496,2,1949,job finish
9269.771,4,1944,job finish
9272.312,3,1944,job finish
9272.312,4,1945,job start
9272.312,3,1945,job start
9272.312,2,1950,job start
9273.302,1,1953,job finish
9273.302,1,1954,job start
9273.302,0,1959,job start
9275.997,0,1959,job finish
9276.196,4,1945,job finish
9277.004,2,1950,job finish
9279.709,1,1954,job finish
9279.709,1,1955,job start
9279.709,0,1960,job start
9280.806,3,1945,job finish
9280.806,4,1946,job start
9280.806,3,1946,job start
9280.806,2,1951,job start
9282.168,0,1960,job finish
9282.655,1,1955,job finish
9282.655,1,1956,job start
9282.655,0,1961,job start
9283.079,2,1951,job finish
9285.298,0,1961,job finish
9285.708,3,1946,job finish
9285.708,3,1947,job start
9285.708,2,1952,job start
9287.284,4,1946,job finish
9287.284,4,1947,job start
9288.024,2,1952,job finish
9288.651,3,1947,job finish
9288.651,3,1948,job start
9288.651,2,1953,job start
9289.92,1,1956,job finish
9289.92,1,1957,job start
9289.92,0,1962,job start
9292.113,0,1962,job finish
9292.7,4,1947,job finish
9292.7,4,1948,job start
9292.919,1,1957,job finish
9292.919,1,1958,job start
9292.919,0,1963,job start
9293.345,3,1948,job finish
9293.345,3,1949,job start
9294.207,2,1953,job finish
9294.207,2,1954,job start
9296.108,4,1948,job finish
9296.108,4,1949,job start
9297.135,3,1949,job finish
9297.135,3,1950,job start
9297.433,1,1958,job finish
9297.433,1,1959,job start
9297.433,2,1954,job finish
9297.433,2,1955,job start
9299.177,0,1963,job finish
9299.177,0,1964,job start
9299.285,4,1949,job finish
9299.285,4,1950,job start
9299.754,3,1950,job finish
9299.754,3,1951,job start
9299.846,1,1959,job finish
9299.846,1,1960,job start
9300.016,2,1955,job finish
9300.016,2,1956,job start
9301.462,0,1964,job finish
9301.462,0,1965,job start
9302.174,2,1956,job finish
9302.894,4,1950,job finish
9302.894,4,1951,job start
9303.764,0,1965,job finish
9303.893,3,1951,job finish
9303.893,3,1952,job start
9303.893,2,1957,job start
9303.977,1,1960,job finish
9303.977,1,1961,job start
9303.977,0,1966,job start
9306.04,4,1951,job finish
9306.04,4,1952,job start
9306.32,3,1952,job finish
9306.32,3,1953,job start
9308.901,2,1957,job finish
9308.901,2,1958,job start
9308.928,1,1961,job finish
9308.928,1,1962,job start
9309.254,3,1953,job finish
9309.254,3,1954,job start
9309.308,0,1966,job finish
9309.308,0,1967,job start
9311.298,2,1958,job finish
9311.298,2,1959,job start
9313.5,1,1962,job finish
9313.5,1,1963,job start
9313.62,3,1954,job finish
9313.62,3,1955,job start
9314.083,4,1952,job finish
9314.083,4,1953,job start
9315.217,2,1959,job finish
9315.217,2,1960,job start
9315.53,0,1967,job finish
9315.53,0,1968,job start
9317.193,3,1955,job finish
9317.193,3,1956,job start
9317.725,1,1963,job finish
9317.725,1,1964,job start
9318.199,2,1960,job finish
9318.199,2,1961,job start
9319.914,3,1956,job finish
9319.914,3,1957,job start
9320.729,1,1964,job finish
9320.729,1,1965,job start
9320.938,4,1953,job finish
9320.938,4,1954,job start
9321.125,2,1961,job finish
9321.125,2,1962,job start
9321.824,0,1968,job finish
9321.824,0,1969,job start
9323.879,1,1965,job finish
9323.879,1,1966,job start
9324.791,0,1969,job finish
9324.791,0,1970,job start
9325.451,2,1962,job finish
9326.079,3,1957,job finish
9326.079,3,1958,job start
9326.079,2,1963,job start
9326.819,4,1954,job finish
9326.819,4,1955,job start
9328.785,3,1958,job finish
9328.785,3,1959,job start
9329.592,0,1970,job finish
9329.592,0,1971,job start
9330.122,4,1955,job finish
9330.122,4,1956,job start
9330.935,2,1963,job finish
9330.935,2,1964,job start
9331.774,1,1966,job finish
9331.774,1,1967,job start
9332.471,4,1956,job finish
9332.471,4,1957,job start
9333.045,2,1964,job finish
9335.714,0,1971,job finish
9335.714,0,1972,job start
9336.513,4,1957,job finish
9336.513,4,1958,job start
9338.18,0,1972,job finish
9338.986,4,1958,job finish
9338.986,4,1959,job start
9340.81,1,1967,job finish
9340.81,1,1968,job start
9340.81,0,1973,job start
9342.031,4,1959,job finish
9343.332,3,1959,job finish
9343.332,4,1960,job start
9343.332,3,1960,job start
9343.332,2,1965,job start
9343.717,0,1973,job finish
9344.565,1,1968,job finish
9344.565,1,1969,job start
9344.565,0,1974,job start
9345.964,4,1960,job finish
9347.284,1,1969,job finish
9347.284,1,1970,job start
9347.299,3,1960,job finish
9347.299,4,1961,job start
9347.299,3,1961,job start
9347.848,2,1965,job finish
9347.848,2,1966,job start
9348.728,0,1974,job finish
9348.728,0,1975,job start
9349.678,3,1961,job finish
9349.678,3,1962,job start
9350.533,4,1961,job finish
9350.533,4,1962,job start
9351.453,0,1975,job finish
9352.963,4,1962,job finish
9354.372,2,1966,job finish
9354.372,2,1967,job start
9354.586,1,1970,job finish
9354.586,1,1971,job start
9354.586,0,1976,job start
9354.739,3,1962,job finish
9354.739,4,1963,job start
9354.739,3,1963,job start
9357.038,4,1963,job finish
9357.045,2,1967,job finish
9357.045,2,1968,job start
9357.374,0,1976,job finish
9360.275,3,1963,job finish
9360.275,4,1964,job start
9360.275,3,1964,job start
9360.694,1,1971,job finish
9360.694,1,1972,job start
9360.694,0,1977,job start
9362.786,0,1977,job finish
9363.098,4,1964,job finish
9363.904,3,1964,job finish
9363.904,4,1965,job start
9363.904,3,1965,job start
9364.275,2,1968,job finish
9364.275,2,1969,job start
9365.764,1,1972,job finish
9365.764,1,1973,job start
9365.764,0,1978,job start
9367.68,2,1969,job finish
9367.68,2,1970,job start
9367.706,4,1965,job finish
9367.822,3,1965,job finish
9367.822,4,1966,job start
9367.822,3,1966,job start
9368.99,1,1973,job finish
9368.99,1,1974,job start
9370.094,4,1966,job finish
9371.069,3,1966,job finish
9371.069,4,1967,job start
9371.069,3,1967,job start
9371.215,0,1978,job finish
9371.215,0,1979,job start
9373.188,2,1970,job finish
9373.188,2,1971,job start
9373.612,3,1967,job finish
9373.612,3,1968,job start
9373.682,4,1967,job finish
9373.682,4,1968,job start
9377.708,0,1979,job finish
9378.642,1,1974,job finish
9378.642,1,1975,job start
9378.642,0,1980,job start
9380.172,3,1968,job finish
9380.172,3,1969,job start
9380.313,4,1968,job finish
9380.313,4,1969,job start
9380.746,2,1971,job finish
9380.746,2,1972,job start
9382.817,0,1980,job finish
9383.2,3,1969,job finish
9383.2,3,1970,job start
9383.62,4,1969,job finish
9383.62,4,1970,job start
9384.718,1,1975,job finish
9384.718,1,1976,job start
9384.718,0,1981,job start
9385.056,2,1972,job finish
9385.056,2,1973,job start
9386.432,3,1970,job finish
9386.432,3,1971,job start
9387.344,2,1973,job finish
9387.344,2,1974,job start
9387.815,0,1981,job finish
9388.137,4,1970,job finish
9388.137,4,1971,job start
9389.419,3,1971,job finish
9389.419,3,1972,job start
9389.672,2,1974,job finish
9389.672,2,1975,job start
9390.64,4,1971,job finish
9390.64,4,1972,job start
9391.948,3,1972,job finish
9391.948,3,1973,job start
9392.924,2,1975,job finish
9392.924,2,1976,job start
9393.791,4,1972,job finish
9393.791,4,1973,job start
9395.776,3,1973,job finish
9395.776,3,1974,job start
9395.859,1,1976,job finish
9395.859,1,1977,job start
9395.859,0,1982,job start
9396.114,2,1976,job finish
9396.114,2,1977,job start
9398.168,4,1973,job finish
9398.168,4,1974,job start
9398.699,3,1974,job finish
9398.699,3,1975,job start
9399.171,1,1977,job finish
9399.171,1,1978,job start
9400.378,2,1977,job finish
9400.378,2,1978,job start
9400.586,0,1982,job finish
9400.586,0,1983,job start
9400.976,3,1975,job finish
9400.976,3,1976,job start
9401.887,4,1974,job finish
9401.887,4,1975,job start
9403.864,0,1983,job finish
9404.822,4,1975,job finish
9404.822,4,1976,job start
9404.825,1,1978,job finish
9404.825,1,1979,job start
9404.825,0,1984,job start
9405.906,2,1978,job finish
9405.906,2,1979,job start
9407.049,4,1976,job finish
9407.954,2,1979,job finish
9408.194,3,1976,job finish
9408.194,4,1977,job start
9408.194,3,1977,job start
9408.702,0,1984,job finish
9409.913,1,1979,job finish
9409.913,2,1980,job start
9409.913,1,1980,job start
9409.913,0,1985,job start
9410.606,3,1977,job finish
9410.606,3,1978,job start
9412.276,2,1980,job finish
9412.958,1,1980,job finish
9412.958,2,1981,job start
9412.958,1,1981,job start
9413.387,0,1985,job finish
9413.387,0,1986,job start
9414.294,4,1977,job finish
9414.294,4,1978,job start
9415.113,3,1978,job finish
9415.113,3,1979,job start
9415.454,2,1981,job finish
9416.285,1,1981,job finish
9416.285,2,1982,job start
9416.285,1,1982,job start
9417.688,3,1979,job finish
9417.688,3,1980,job start
9417.842,0,1986,job finish
9417.842,0,1987,job start
9417.996,4,1978,job finish
9417.996,4,1979,job start
9418.952,2,1982,job finish
9420.038,4,1979,job finish
9420.038,4,1980,job start
9420.891,3,1980,job finish
9420.891,3,1981,job start
9421.304,0,1987,job finish
9421.465,1,1982,job finish
9421.465,2,1983,job start
9421.465,1,1983,job start
9421.465,0,1988,job start
9422.318,4,1980,job finish
9422.318,4,1981,job start
9424.691,4,1981,job finish
9424.852,1,1983,job finish
9424.852,1,1984,job start
9425.207,0,1988,job finish
9425.207,0,1989,job start
9427.424,0,1989,job finish
9427.786,1,1984,job finish
9427.786,1,1985,job start
9427.786,0,1990,job start
9427.829,3,1981,job finish
9427.829,4,1982,job start
9427.829,3,1982,job start
9427.874,2,1983,job finish
9427.874,2,1984,job start
9430.096,1,1985,job finish
9430.096,1,1986,job start
9430.27,4,1982,job finish
9430.785,2,1984,job finish
9430.785,2,1985,job start
9430.834,0,1990,job finish
9430.834,0,1991,job start
9431.001,3,1982,job finish
9431.001,4,1983,job start
9431.001,3,1983,job start
9432.844,2,1985,job finish
9432.844,2,1986,job start
9434.133,1,1986,job finish
9434.133,1,1987,job start
9434.448,0,1991,job finish
9434.448,0,1992,job start
9435.677,2,1986,job finish
9435.677,2,1987,job start
9435.722,3,1983,job finish
9435.722,3,1984,job start
9436.399,1,1987,job finish
9436.399,1,1988,job start
9436.854,0,1992,job finish
9436.854,0,1993,job start
9438.194,3,1984,job finish
9438.194,3,1985,job start
9438.814,1,1988,job finish
9438.814,1,1989,job start
9438.948,2,1987,job finish
9438.948,2,1988,job start
9439.347,4,1983,job finish
9439.347,4,1984,job start
9441.256,2,1988,job finish
9441.256,2,1989,job start
9442.731,4,1984,job finish
9442.731,4,1985,job start
9443.028,0,1993,job finish
9443.028,0,1994,job start
9443.149,3,1985,job finish
9443.149,3,1986,job start
9443.157,1,1989,job finish
9443.157,1,1990,job start
9444.936,4,1985,job finish
9444.936,4,1986,job start
9445.033,2,1989,job finish
9445.033,2,1990,job start
9446.271,3,1986,job finish
9446.271,3,1987,job start
9446.616,0,1994,job finish
9446.616,0,1995,job start
9446.765,1,1990,job finish
9446.765,1,1991,job start
9448.511,2,1990,job finish
9448.511,2,1991,job start
9449.003,0,1995,job finish
9449.003,0,1996,job start
9449.533,1,1991,job finish
9449.533,1,1992,job start
9450.303,4,1986,job finish
9450.303,4,1987,job start
9450.735,3,1987,job finish
9450.735,3,1988,job start
9452.019,2,1991,job finish
9452.019,2,1992,job start
9452.889,0,1996,job finish
9452.889,0,1997,job start
9453.522,4,1987,job finish
9453.522,4,1988,job start
9454.735,3,1988,job finish
9454.735,3,1989,job start
9455.399,1,1992,job finish
9455.399,1,1993,job start
9456.663,2,1992,job finish
9456.663,2,1993,job start
9457.107,0,1997,job finish
9457.107,0,1998,job start
9457.38,4,1988,job finish
9457.38,4,1989,job start
9457.912,3,1989,job finish
9457.912,3,1990,job start
9459.765,0,1998,job finish
9462.827,3,1990,job finish
9462.827,3,1991,job start
9464.4,2,1993,job finish
9467.599,3,1991,job finish
9467.599,3,1992,job start
9468.028,1,1993,job finish
9468.028,2,1994,job start
9468.028,1,1994,job start
9468.028,0,1999,job start
9469.358,4,1989,job finish
9469.358,4,1990,job start
9471.223,3,1992,job finish
9471.223,3,1993,job start
9471.494,2,1994,job finish
9471.991,4,1990,job finish
9471.991,4,1991,job start
9473.289,1,1994,job finish
9473.289,2,1995,job start
9473.289,1,1995,job start
9473.732,3,1993,job finish
9473.732,3,1994,job start
9475.85,2,1995,job finish
9475.957,0,1999,job finish
9475.957,0,2000,job start
9476.153,4,1991,job finish
9476.153,4,1992,job start
9480.346,4,1992,job finish
9480.346,4,1993,job start
9483.155,0,2000,job finish
9483.841,1,1995,job finish
9483.841,2,1996,job start
9483.841,1,1996,job start
9483.841,0,2001,job start
9485.804,4,1993,job finish
9485.804,4,1994,job start
9486.106,3,1994,job finish
9486.106,3,1995,job start
9487.914,2,1996,job finish
9489.207,1,1996,job finish
9489.207,2,1997,job start
9489.207,1,1997,job start
9489.773,4,1994,job finish
9489.773,4,1995,job start
9490.313,3,1995,job finish
9490.313,3,1996,job start
9490.879,0,2001,job finish
9490.879,0,2002,job start
9491.459,1,1997,job finish
9491.459,1,1998,job start
9492.679,4,1995,job finish
9492.679,4,1996,job start
9492.761,2,1997,job finish
9492.761,2,1998,job start
9493.259,0,2002,job finish
9493.259,0,2003,job start
9493.297,3,1996,job finish
9493.297,3,1997,job start
9493.939,1,1998,job finish
9493.939,1,1999,job start
9494.892,2,1998,job finish
9494.892,2,1999,job start
9496.191,0,2003,job finish
9496.191,0,2004,job start
9496.723,3,1997,job finish
9496.723,3,1998,job start
9498.332,0,2004,job finish
9498.412,1,1999,job finish
9498.412,1,2000,job start
9498.412,0,2005,job start
9498.56,4,1996,job finish
9498.56,4,1997,job start
9501.092,2,1999,job finish
9501.092,2,2000,job start
9501.945,4,1997,job finish
9501.945,4,1998,job start
9502.032,3,1998,job finish
9502.032,3,1999,job start
9502.783,1,2000,job finish
9502.783,1,2001,job start
9503.531,0,2005,job finish
9503.531,0,2006,job start
9504.909,4,1998,job finish
9504.909,4,1999,job start
9505.395,2,2000,job finish
9505.395,2,2001,job start
9505.527,3,1999,job finish
9505.527,3,2000,job start
9507.389,0,2006,job finish
9507.7,1,2001,job finish
9507.7,1,2002,job start
9507.7,0,2007,job start
9510.297,1,2002,job finish
9510.297,1,2003,job start
9510.359,2,2001,job finish
9510.359,2,2002,job start
9512.264,3,2000,job finish
9512.264,3,2001,job start
9512.366,0,2007,job finish
9512.366,0,2008,job start
9512.583,1,2003,job finish
9512.583,1,2004,job start
9512.981,2,2002,job finish
9512.981,2,2003,job start
9514.407,0,2008,job finish
9514.407,0,2009,job start
9514.578,3,2001,job finish
9514.578,3,2002,job start
9516.725,1,2004,job finish
9516.725,1,2005,job start
9518.01,0,2009,job finish
9518.01,0,2010,job start
9518.757,3,2002,job finish
9518.757,3,2003,job start
9518.875,2,2003,job finish
9518.875,2,2004,job start
9519.584,4,1999,job finish
9519.584,4,2000,job start
9520.403,0,2010,job finish
9521.446,1,2005,job finish
9521.446,1,2006,job start
9521.446,0,2011,job start
9522.33,2,2004,job finish
9522.33,2,2005,job start
9522.553,3,2003,job finish
9522.553,3,2004,job start
9524.683,0,2011,job finish
9524.935,2,2005,job finish
9524.935,2,2006,job start
9526.726,4,2000,job finish
9526.726,4,2001,job start
9527.171,2,2006,job finish
9529.429,1,2006,job finish
9529.429,2,2007,job start
9529.429,1,2007,job start
9529.429,0,2012,job start
9529.851,4,2001,job finish
9529.851,4,2002,job start
9532.599,4,2002,job finish
9532.599,4,2003,job start
9534.517,1,2007,job finish
9534.517,1,2008,job start
9535.164,4,2003,job finish
9535.164,4,2004,job start
9535.306,2,2007,job finish
9535.306,2,2008,job start
9537.533,0,2012,job finish
9537.533,0,2013,job start
9538.354,2,2008,job finish
9538.598,1,2008,job finish
9538.598,2,2009,job start
9538.598,1,2009,job start
9539.295,3,2004,job finish
9539.295,3,2005,job start
9541.759,4,2004,job finish
9541.759,4,2005,job start
9542.307,3,2005,job finish
9542.307,3,2006,job start
9542.854,1,2009,job finish
9542.854,1,2010,job start
9543.308,2,2009,job finish
9543.308,2,2010,job start
9544.735,0,2013,job finish
9544.735,0,2014,job start
9545.135,4,2005,job finish
9545.135,4,2006,job start
9545.297,1,2010,job finish
9545.297,1,2011,job start
9546.267,3,2006,job finish
9546.267,3,2007,job start
9547.107,0,2014,job finish
9547.107,0,2015,job start
9547.473,2,2010,job finish
9547.473,2,2011,job start
9547.557,1,2011,job finish
9547.557,1,2012,job start
9549.529,4,2006,job finish
9549.529,4,2007,job start
9550.776,0,2015,job finish
9550.776,0,2016,job start
9551.364,3,2007,job finish
9551.364,3,2008,job start
9551.89,2,2011,job finish
9551.89,2,2012,job start
9553.337,4,2007,job finish
9553.337,4,2008,job start
9553.548,1,2012,job finish
9553.548,1,2013,job start
9553.651,3,2008,job finish
9553.651,3,2009,job start
9553.721,0,2016,job finish
9553.721,0,2017,job start
9555.349,4,2008,job finish
9555.349,4,2009,job start
9557.067,2,2012,job finish
9557.067,2,2013,job start
9557.376,4,2009,job finish
9557.685,3,2009,job finish
9557.685,4,2010,job start
9557.685,3,2010,job start
9557.8,1,2013,job finish
9557.8,1,2014,job start
9559.097,2,2013,job finish
9559.097,2,2014,job start
9560.958,3,2010,job finish
9560.958,3,2011,job start
9561.612,4,2010,job finish
9561.612,4,2011,job start
9561.633,2,2014,job finish
9561.947,0,2017,job finish
9561.947,0,2018,job start
9564.273,0,2018,job finish
9564.273,0,2019,job start
9565.081,3,2011,job finish
9565.081,3,2012,job start
9565.551,1,2014,job finish
9565.551,2,2015,job start
9565.551,1,2015,job start
9566.07,4,2011,job finish
9566.07,4,2012,job start
9566.661,0,2019,job finish
9566.661,0,2020,job start
9567.543,3,2012,job finish
9567.543,3,2013,job start
9569.245,2,2015,job finish
9569.671,4,2012,job finish
9569.671,4,2013,job start
9569.747,0,2020,job finish
9570.431,3,2013,job finish
9570.431,3,2014,job start
9571.459,1,2015,job finish
9571.459,2,2016,job start
9571.459,1,2016,job start
9571.459,0,2021,job start
9574.407,3,2014,job finish
9574.407,3,2015,job start
9574.551,2,2016,job finish
9574.743,4,2013,job finish
9574.743,4,2014,job start
9575.945,1,2016,job finish
9575.945,2,2017,job start
9575.945,1,2017,job start
9576.671,3,2015,job finish
9576.671,3,2016,job start
9578.271,2,2017,job finish
9578.506,4,2014,job finish
9578.506,4,2015,job start
9578.584,0,2021,job finish
9578.584,0,2022,job start
9580.041,1,2017,job finish
9580.041,2,2018,job start
9580.041,1,2018,job start
9580.135,3,2016,job finish
9580.135,3,2017,job start
9582.315,4,2015,job finish
9582.315,4,2016,job start
9583.119,3,2017,job finish
9583.119,3,2018,job start
9583.263,0,2022,job finish
9583.263,0,2023,job start
9585.174,1,2018,job finish
9585.174,1,2019,job start
9585.391,0,2023,job finish
9585.391,0,2024,job start
9586.05,4,2016,job finish
9586.05,4,2017,job start
9588.708,3,2018,job finish
9588.819,2,2018,job finish
9588.819,3,2019,job start
9588.819,2,2019,job start
9590.044,4,2017,job finish
9590.044,4,2018,job start
9590.526,0,2024,job finish
9592.18,4,2018,job finish
9592.18,4,2019,job start
9592.767,2,2019,job finish
9593.343,1,2019,job finish
9593.343,2,2020,job start
9593.343,1,2020,job start
9593.343,0,2025,job start
9593.771,3,2019,job finish
9593.771,3,2020,job start
9595.567,0,2025,job finish
9596.25,2,2020,job finish
9596.352,4,2019,job finish
9596.352,4,2020,job start
9597.045,1,2020,job finish
9597.045,2,2021,job start
9597.045,1,2021,job start
9597.045,0,2026,job start
9599.32,4,2020,job finish
9599.718,2,2021,job finish
9600.175,1,2021,job finish
9600.175,2,2022,job start
9600.175,1,2022,job start
9601.355,3,2020,job finish
9601.355,4,2021,job start
9601.355,3,2021,job start
9601.584,0,2026,job finish
9601.584,0,2027,job start
9603.215,1,2022,job finish
9603.215,1,2023,job start
9603.404,2,2022,job finish
9603.404,2,2023,job start
9605.593,2,2023,job finish
9605.979,3,2021,job finish
9605.979,3,2022,job start
9606.101,4,2021,job finish
9606.101,4,2022,job start
9606.501,0,2027,job finish
9606.501,0,2028,job start
9607.618,1,2023,job finish
9607.618,2,2024,job start
9607.618,1,2024,job start
9608.815,0,2028,job finish
9608.815,0,2029,job start
9609.96,4,2022,job finish
9610.133,2,2024,job finish
9613.235,0,2029,job finish
9614.869,1,2024,job finish
9614.869,2,2025,job start
9614.869,1,2025,job start
9614.869,0,2030,job start
9615.558,3,2022,job finish
9615.558,4,2023,job start
9615.558,3,2023,job start
9617.406,2,2025,job finish
9619.448,4,2023,job finish
9621.91,0,2030,job finish
9621.978,3,2023,job finish
9621.978,4,2024,job start
9621.978,3,2024,job start
9624.141,1,2025,job finish
9624.141,2,2026,job start
9624.141,1,2026,job start
9624.141,0,2031,job start
9625.067,3,2024,job finish
9625.067,3,2025,job start
9627.531,2,2026,job finish
9629.358,1,2026,job finish
9629.358,2,2027,job start
9629.358,1,2027,job start
9629.55,0,2031,job finish
9629.55,0,2032,job start
9631.072,4,2024,job finish
9631.072,4,2025,job start
9631.839,2,2027,job finish
9631.948,1,2027,job finish
9631.948,2,2028,job start
9631.948,1,2028,job start
9632.932,3,2025,job finish
9632.932,3,2026,job start
9633.866,4,2025,job finish
9633.866,4,2026,job start
9634.332,2,2028,job finish
9634.481,1,2028,job finish
9634.481,2,2029,job start
9634.481,1,2029,job start
9636.74,0,2032,job finish
9636.74,0,2033,job start
9637.864,3,2026,job finish
9637.864,3,2027,job start
9638.165,1,2029,job finish
9638.165,1,2030,job start
9638.598,2,2029,job finish
9638.598,2,2030,job start
9639.025,0,2033,job finish
9639.025,0,2034,job start
9639.599,4,2026,job finish
9639.599,4,2027,job start
9640.141,3,2027,job finish
9640.141,3,2028,job start
9642.406,3,2028,job finish
9642.406,3,2029,job start
9642.684,0,2034,job finish
9642.684,0,2035,job start
9642.86,4,2027,job finish
9642.86,4,2028,job start
9644.903,3,2029,job finish
9644.903,3,2030,job start
9644.97,4,2028,job finish
9644.97,4,2029,job start
9645.689,1,2030,job finish
9645.689,1,2031,job start
9648.482,3,2030,job finish
9648.785,0,2035,job finish
9648.785,0,2036,job start
9649.166,1,2031,job finish
9649.166,1,2032,job start
9649.313,2,2030,job finish
9649.313,3,2031,job start
9649.313,2,2031,job start
9649.885,4,2029,job finish
9649.885,4,2030,job start
9651.524,0,2036,job finish
9651.524,0,2037,job start
9651.595,2,2031,job finish
9651.595,2,2032,job start
9652.153,3,2031,job finish
9652.153,3,2032,job start
9652.826,4,2030,job finish
9652.826,4,2031,job start
9654.225,1,2032,job finish
9654.225,1,2033,job start
9654.451,2,2032,job finish
9654.451,2,2033,job start
9654.847,4,2031,job finish
9654.847,4,2032,job start
9655.174,0,2037,job finish
9655.174,0,2038,job start
9656.513,2,2033,job finish
9657.674,0,2038,job finish
9658.103,3,2032,job finish
9658.103,3,2033,job start
9661.249,1,2033,job finish
9661.249,2,2034,job start
9661.249,1,2034,job start
9661.249,0,2039,job start
9662.963,3,2033,job finish
9662.963,3,2034,job start
9663.778,0,2039,job finish
9664.001,4,2032,job finish
9664.001,4,2033,job start
9664.339,2,2034,job finish
9666.032,3,2034,job finish
9666.032,3,2035,job start
9666.56,4,2033,job finish
9666.56,4,2034,job start
9667.243,1,2034,job finish
9667.243,2,2035,job start
9667.243,1,2035,job start
9667.243,0,2040,job start
9669.781,1,2035,job finish
9669.781,1,2036,job start
9670.322,4,2034,job finish
9670.322,4,2035,job start
9671.05,3,2035,job finish
9671.605,0,2040,job finish
9671.605,0,2041,job start
9674.328,0,2041,job finish
9675.341,1,2036,job finish
9675.341,1,2037,job start
9675.341,0,2042,job start
9677.434,2,2035,job finish
9677.434,3,2036,job start
9677.434,2,2036,job start
9678.395,0,2042,job finish
9678.951,1,2037,job finish
9678.951,1,2038,job start
9678.951,0,2043,job start
9679.846,4,2035,job finish
9679.846,4,2036,job start
9679.936,2,2036,job finish
9679.936,2,2037,job start
9681.208,1,2038,job finish
9681.208,1,2039,job start
9681.698,3,2036,job finish
9681.698,3,2037,job start
9682.089,2,2037,job finish
9682.089,2,2038,job start
9682.864,4,2036,job finish
9682.864,4,2037,job start
9684.114,1,2039,job finish
9684.114,1,2040,job start
9684.346,3,2037,job finish
9684.346,3,2038,job start
9685.567,0,2043,job finish
9685.567,0,2044,job start
9686.091,2,2038,job finish
9686.091,2,2039,job start
9686.437,4,2037,job finish
9686.437,4,2038,job start
9687.291,3,2038,job finish
9687.291,3,2039,job start
9689.539,2,2039,job finish
9689.539,2,2040,job start
9689.873,1,2040,job finish
9689.873,1,2041,job start
9690.207,4,2038,job finish
9690.207,4,2039,job start
9691.199,0,2044,job finish
9691.199,0,2045,job start
9693.424,2,2040,job finish
9693.424,2,2041,job start
9694.205,1,2041,job finish
9694.205,1,2042,job start
9694.341,4,2039,job finish
9694.658,0,2045,job finish
9694.658,0,2046,job start
9695.724,2,2041,job finish
9695.724,2,2042,job start
9697.935,0,2046,job finish
9697.935,0,2047,job start
9698.284,2,2042,job finish
9698.621,1,2042,job finish
9698.621,2,2043,job start
9698.621,1,2043,job start
9700.938,1,2043,job finish
9700.938,1,2044,job start
9700.947,0,2047,job finish
9700.947,0,2048,job start
9702.266,3,2039,job finish
9702.266,4,2040,job start
9702.266,3,2040,job start
9703.318,2,2043,job finish
9703.318,2,2044,job start
9703.491,0,2048,job finish
9703.491,0,2049,job start
9704.765,3,2040,job finish
9704.765,3,2041,job start
9705.504,2,2044,job finish
9706.022,4,2040,job finish
9706.022,4,2041,job start
9706.643,1,2044,job finish
9706.643,2,2045,job start
9706.643,1,2045,job start
9708.12,4,2041,job finish
9708.771,0,2049,job finish
9708.771,0,2050,job start
9709.215,3,2041,job finish
9709.215,4,2042,job start
9709.215,3,2042,job start
9710.175,1,2045,job finish
9710.175,1,2046,job start
9710.542,2,2045,job finish
9710.542,2,2046,job start
9711.592,3,2042,job finish
9711.592,3,2043,job start
9712.817,1,2046,job finish
9712.817,1,2047,job start
9713.041,2,2046,job finish
9713.041,2,2047,job start
9713.812,4,2042,job finish
9713.812,4,2043,job start
9713.97,0,2050,job finish
9713.97,0,2051,job start
9715.225,1,2047,job finish
9715.225,1,2048,job start
9717.161,0,2051,job finish
9717.161,0,2052,job start
9717.662,2,2047,job finish
9717.662,2,2048,job start
9717.763,4,2043,job finish
9719.624,3,2043,job finish
9719.624,4,2044,job start
9719.624,3,2044,job start
9719.798,2,2048,job finish
9722.168,4,2044,job finish
9722.268,0,2052,job finish
9722.268,0,2053,job start
9723.783,3,2044,job finish
9723.783,4,2045,job start
9723.783,3,2045,job start
9723.845,1,2048,job finish
9723.845,2,2049,job start
9723.845,1,2049,job start
9724.4,0,2053,job finish
9724.4,0,2054,job start
9726.279,4,2045,job finish
9726.47,1,2049,job finish
9726.47,1,2050,job start
9728.036,0,2054,job finish
9728.036,0,2055,job start
9728.471,2,2049,job finish
9728.471,2,2050,job start
9730.609,0,2055,job finish
9730.686,3,2045,job finish
9730.686,4,2046,job start
9730.686,3,2046,job start
9731.967,1,2050,job finish
9731.967,1,2051,job start
9731.967,0,2056,job start
9732.49,2,2050,job finish
9732.49,2,2051,job start
9733.355,4,2046,job finish
9736.026,3,2046,job finish
9736.026,4,2047,job start
9736.026,3,2047,job start
9736.316,0,2056,job finish
9737.464,1,2051,job finish
9737.464,1,2052,job start
9737.464,0,2057,job start
9738.793,4,2047,job finish
9739.801,3,2047,job finish
9739.801,4,2048,job start
9739.801,3,2048,job start
9740.353,2,2051,job finish
9740.353,2,2052,job start
9742.05,0,2057,job finish
9742.748,2,2052,job finish
9743.242,3,2048,job finish
9743.242,3,2049,job start
9743.737,1,2052,job finish
9743.737,2,2053,job start
9743.737,1,2053,job start
9743.737,0,2058,job start
9745.712,4,2048,job finish
9745.712,4,2049,job start
9746.594,3,2049,job finish
9746.594,3,2050,job start
9747.015,2,2053,job finish
9747.439,0,2058,job finish
9748.247,1,2053,job finish
9748.247,2,2054,job start
9748.247,1,2054,job start
9748.247,0,2059,job start
9749.046,4,2049,job finish
9749.046,4,2050,job start
9749.83,3,2050,job finish
9749.83,3,2051,job start
9750.805,1,2054,job finish
9750.805,1,2055,job start
9751.4,2,2054,job finish
9751.4,2,2055,job start
9752.267,0,2059,job finish
9752.267,0,2060,job start
9753.788,2,2055,job finish
9753.814,4,2050,job finish
9753.814,4,2051,job start
9754.316,3,2051,job finish
9754.316,3,2052,job start
9754.723,0,2060,job finish
9757.309,4,2051,job finish
9757.309,4,2052,job start
9757.572,1,2055,job finish
9757.572,2,2056,job start
9757.572,1,2056,job start
9757.572,0,2061,job start
9758.371,3,2052,job finish
9758.371,3,2053,job start
9759.778,4,2052,job finish
9759.778,4,2053,job start
9760.082,1,2056,job finish
9760.082,1,2057,job start
9760.17,0,2061,job finish
9760.17,0,2062,job start
9760.713,2,2056,job finish
9760.713,2,2057,job start
9762.229,3,2053,job finish
9762.229,3,2054,job start
9762.361,1,2057,job finish
9762.361,1,2058,job start
9762.806,0,2062,job finish
9762.806,0,2063,job start
9764.076,2,2057,job finish
9764.076,2,2058,job start
9764.386,4,2053,job finish
9764.386,4,2054,job start
9764.515,3,2054,job finish
9764.515,3,2055,job start
9765.297,1,2058,job finish
9765.297,1,2059,job start
9766.946,3,2055,job finish
9766.946,3,2056,job start
9767.981,2,2058,job finish
9767.981,2,2059,job start
9768.035,4,2054,job finish
9768.035,4,2055,job start
9770.993,0,2063,job finish
9770.993,0,2064,job start
9771.343,4,2055,job finish
9771.343,4,2056,job start
9771.372,3,2056,job finish
9771.372,3,2057,job start
9772.213,2,2059,job finish
9773.824,4,2056,job finish
9773.824,4,2057,job start
9773.845,0,2064,job finish
9774.441,1,2059,job finish
9774.441,2,2060,job start
9774.441,1,2060,job start
9774.441,0,2065,job start
9775.482,3,2057,job finish
9775.482,3,2058,job start
9776.447,4,2057,job finish
9776.447,4,2058,job start
9777.185,0,2065,job finish
9777.412,1,2060,job finish
9777.412,1,2061,job start
9777.412,0,2066,job start
9778.585,4,2058,job finish
9778.612,3,2058,job finish
9778.612,4,2059,job start
9778.612,3,2059,job start
9779.538,2,2060,job finish
9779.538,2,2061,job start
9782.041,1,2061,job finish
9782.041,1,2062,job start
9782.956,2,2061,job finish
9782.956,2,2062,job start
9783.221,0,2066,job finish
9783.221,0,2067,job start
9783.422,3,2059,job finish
9783.422,3,2060,job start
9785.451,4,2059,job finish
9785.451,4,2060,job start
9785.888,1,2062,job finish
9785.888,1,2063,job start
9788.81,0,2067,job finish
9788.81,0,2068,job start
9789.89,4,2060,job finish
9790.298,3,2060,job finish
9790.298,4,2061,job start
9790.298,3,2061,job start
9790.512,1,2063,job finish
9790.512,1,2064,job start
9791.241,2,2062,job finish
9791.241,2,2063,job start
9792.414,0,2068,job finish
9792.414,0,2069,job start
9793.116,4,2061,job finish
9793.121,1,2064,job finish
9793.121,1,2065,job start
9794.993,2,2063,job finish
9794.993,2,2064,job start
9795.458,1,2065,job finish
9795.458,1,2066,job start
9795.496,0,2069,job finish
9795.496,0,2070,job start
9797.018,3,2061,job finish
9797.018,4,2062,job start
9797.018,3,2062,job start
9797.73,1,2066,job finish
9797.73,1,2067,job start
9798.151,0,2070,job finish
9798.151,0,2071,job start
9799.327,3,2062,job finish
9799.327,3,2063,job start
9800.382,0,2071,job finish
9800.382,0,2072,job start
9800.491,4,2062,job finish
9800.491,4,2063,job start
9800.642,1,2067,job finish
9800.642,1,2068,job start
9801.645,3,2063,job finish
9801.645,3,2064,job start
9803.633,4,2063,job finish
9803.633,4,2064,job start
9803.743,2,2064,job finish
9803.743,2,2065,job start
9806.043,0,2072,job finish
9806.043,0,2073,job start
9806.043,4,2064,job finish
9806.062,2,2065,job finish
9806.062,2,2066,job start
9806.756,1,2068,job finish
9806.756,1,2069,job start
9806.944,3,2064,job finish
9806.944,4,2065,job start
9806.944,3,2065,job start
9810.455,0,2073,job finish
9810.455,0,2074,job start
9810.81,1,2069,job finish
9810.81,1,2070,job start
9810.946,2,2066,job finish
9810.946,2,2067,job start
9811.459,3,2065,job finish
9811.459,3,2066,job start
9812.724,0,2074,job finish
9812.724,0,2075,job start
9813.394,2,2067,job finish
9813.394,2,2068,job start
9813.642,4,2065,job finish
9813.642,4,2066,job start
9814.083,3,2066,job finish
9814.083,3,2067,job start
9814.282,1,2070,job finish
9814.282,1,2071,job start
9815.091,0,2075,job finish
9815.091,0,2076,job start
9816.834,1,2071,job finish
9816.834,1,2072,job start
9817.372,2,2068,job finish
9817.372,2,2069,job start
9817.447,0,2076,job finish
9817.447,0,2077,job start
9818.644,4,2066,job finish
9818.644,4,2067,job start
9819.245,1,2072,job finish
9819.245,1,2073,job start
9820.703,0,2077,job finish
9820.703,0,2078,job start
9821.087,4,2067,job finish
9822.559,2,2069,job finish
9822.559,2,2070,job start
9824.955,1,2073,job finish
9824.955,1,2074,job start
9826.033,2,2070,job finish
9826.033,2,2071,job start
9826.942,3,2067,job finish
9826.942,4,2068,job start
9826.942,3,2068,job start
9827.138,0,2078,job finish
9827.138,0,2079,job start
9827.876,1,2074,job finish
9827.876,1,2075,job start
9829.495,4,2068,job finish
9829.779,0,2079,job finish
9829.779,0,2080,job start
9830.247,3,2068,job finish
9830.247,4,2069,job start
9830.247,3,2069,job start
9830.343,1,2075,job finish
9830.343,1,2076,job start
9832.656,2,2071,job finish
9832.656,2,2072,job start
9834.259,4,2069,job finish
9834.876,2,2072,job finish
9834.876,2,2073,job start
9835.902,1,2076,job finish
9835.902,1,2077,job start
9836.388,0,2080,job finish
9836.388,0,2081,job start
9838.816,0,2081,job finish
9838.816,0,2082,job start
9839.749,3,2069,job finish
9839.749,4,2070,job start
9839.749,3,2070,job start
9840.183,1,2077,job finish
9840.183,1,2078,job start
9841.084,0,2082,job finish
9841.084,0,2083,job start
9841.613,2,2073,job finish
9841.613,2,2074,job start
9841.953,4,2070,job finish
9842.862,1,2078,job finish
9842.862,1,2079,job start
9843.27,0,2083,job finish
9843.27,0,2084,job start
9845.072,2,2074,job finish
9845.072,2,2075,job start
9845.649,1,2079,job finish
9845.649,1,2080,job start
9846.057,3,2070,job finish
9846.057,4,2071,job start
9846.057,3,2071,job start
9848.247,4,2071,job finish
9849.123,3,2071,job finish
9849.123,4,2072,job start
9849.123,3,2072,job start
9850.275,1,2080,job finish
9852.106,4,2072,job finish
9852.237,0,2084,job finish
9852.237,0,2085,job start
9852.759,2,2075,job finish
9852.759,2,2076,job start
9852.759,1,2081,job start
9853.599,3,2072,job finish
9853.599,4,2073,job start
9853.599,3,2073,job start
9855.227,2,2076,job finish
9855.227,2,2077,job start
9855.96,1,2081,job finish
9855.96,1,2082,job start
9857.522,0,2085,job finish
9857.522,0,2086,job start
9857.941,4,2073,job finish
9858.013,3,2073,job finish
9858.013,4,2074,job start
9858.013,3,2074,job start
9859.864,1,2082,job finish
9861.303,0,2086,job finish
9861.303,0,2087,job start
9863.079,3,2074,job finish
9863.079,3,2075,job start
9864.146,0,2087,job finish
9865.413,3,2075,job finish
9865.413,3,2076,job start
9868.949,2,2077,job finish
9868.949,2,2078,job start
9868.949,1,2083,job start
9868.949,0,2088,job start
9870.219,4,2074,job finish
9870.219,4,2075,job start
9872.617,0,2088,job finish
9873.582,3,2076,job finish
9873.582,3,2077,job start
9873.991,1,2083,job finish
9874.016,4,2075,job finish
9874.016,4,2076,job start
9876.728,4,2076,job finish
9876.728,4,2077,job start
9876.846,2,2078,job finish
9876.846,2,2079,job start
9876.846,1,2084,job start
9876.846,0,2089,job start
9876.946,3,2077,job finish
9876.946,3,2078,job start
9879.14,1,2084,job finish
9879.318,3,2078,job finish
9879.318,3,2079,job start
9879.885,0,2089,job finish
9881.513,4,2077,job finish
9881.513,4,2078,job start
9882.712,2,2079,job finish
9882.712,2,2080,job start
9882.712,1,2085,job start
9882.712,0,2090,job start
9883.652,4,2078,job finish
9883.652,4,2079,job start
9884.897,3,2079,job finish
9884.897,3,2080,job start
9885.364,2,2080,job finish
9885.364,2,2081,job start
9886.534,4,2079,job finish
9886.534,4,2080,job start
9887.539,1,2085,job finish
9887.539,1,2086,job start
9887.672,2,2081,job finish
9887.672,2,2082,job start
9890.597,0,2090,job finish
9890.597,0,2091,job start
9891.293,2,2082,job finish
9891.293,2,2083,job start
9891.813,1,2086,job finish
9891.813,1,2087,job start
9892.355,4,2080,job finish
9894.057,2,2083,job finish
9894.057,2,2084,job start
9894.433,3,2080,job finish
9894.433,4,2081,job start
9894.433,3,2081,job start
9894.754,0,2091,job finish
9894.754,0,2092,job start
9895.046,1,2087,job finish
9895.046,1,2088,job start
9897.361,0,2092,job finish
9897.361,0,2093,job start
9899.977,4,2081,job finish
9900.872,2,2084,job finish
9900.872,2,2085,job start
9901.186,1,2088,job finish
9901.186,1,2089,job start
9901.436,0,2093,job finish
9901.436,0,2094,job start
9903.476,2,2085,job finish
9903.476,2,2086,job start
9903.63,1,2089,job finish
9903.63,1,2090,job start
9904.84,3,2081,job finish
9904.84,4,2082,job start
9904.84,3,2082,job start
9905.044,0,2094,job finish
9905.044,0,2095,job start
9906.891,1,2090,job finish
9906.891,1,2091,job start
9908.611,4,2082,job finish
9909.831,1,2091,job finish
9911.531,0,2095,job finish
9911.531,0,2096,job start
9911.702,2,2086,job finish
9911.702,2,2087,job start
9911.702,1,2092,job start
9914.024,0,2096,job finish
9914.024,0,2097,job start
9914.399,1,2092,job finish
9916.331,3,2082,job finish
9916.331,4,2083,job start
9916.331,3,2083,job start
9917.085,0,2097,job finish
9917.311,2,2087,job finish
9917.311,2,2088,job start
9917.311,1,2093,job start
9917.311,0,2098,job start
9918.878,3,2083,job finish
9918.878,3,2084,job start
9919.78,0,2098,job finish
9920.099,1,2093,job finish
9921.451,2,2088,job finish
9921.451,2,2089,job start
9921.451,1,2094,job start
9921.451,0,2099,job start
9922.192,3,2084,job finish
9922.192,3,2085,job start
9922.21,4,2083,job finish
9922.21,4,2084,job start
9924.136,1,2094,job finish
9924.426,4,2084,job finish
9924.426,4,2085,job start
9924.843,0,2099,job finish
9925.431,2,2089,job finish
9925.431,2,2090,job start
9925.431,1,2095,job start
9925.431,0,2100,job start
9925.504,3,2085,job finish
9925.504,3,2086,job start
9927.455,4,2085,job finish
9927.455,4,2086,job start
9927.572,0,2100,job finish
9928.541,2,2090,job finish
9928.541,2,2091,job start
9930.124,4,2086,job finish
9930.373,3,2086,job finish
9930.373,4,2087,job start
9930.373,3,2087,job start
9931.112,1,2095,job finish
9931.112,1,2096,job start
9931.112,0,2101,job start
9931.968,2,2091,job finish
9931.968,2,2092,job start
9934.09,0,2101,job finish
9934.163,1,2096,job finish
9934.163,1,2097,job start
9934.163,0,2102,job start
9934.445,2,2092,job finish
9936.162,4,2087,job finish
9936.957,1,2097,job finish
9937.025,0,2102,job finish
9937.791,3,2087,job finish
9937.791,4,2088,job start
9937.791,3,2088,job start
9937.791,2,2093,job start
9937.791,1,2098,job start
9937.791,0,2103,job start
9940.552,3,2088,job finish
9940.552,3,2089,job start
9941.587,0,2103,job finish
9941.729,4,2088,job finish
9941.729,4,2089,job start
9943.478,1,2098,job finish
9944.373,2,2093,job finish
9944.373,2,2094,job start
9944.373,1,2099,job start
9944.373,0,2104,job start
9944.42,4,2089,job finish
9946.508,3,2089,job finish
9946.508,4,2090,job start
9946.508,3,2090,job start
9947.034,1,2099,job finish
9947.889,0,2104,job finish
9951.389,3,2090,job finish
9951.389,3,2091,job start
9954.143,2,2094,job finish
9954.143,2,2095,job start
9954.143,1,2100,job start
9954.143,0,2105,job start
9954.763,4,2090,job finish
9954.763,4,2091,job start
9955.207,3,2091,job finish
9955.207,3,2092,job start
9956.694,0,2105,job finish
9957.307,1,2100,job finish
9958.934,2,2095,job finish
9958.934,2,2096,job start
9958.934,1,2101,job start
9958.934,0,2106,job start
9960.568,4,2091,job finish
9960.568,4,2092,job start
9962.271,2,2096,job finish
9962.271,2,2097,job start
9962.272,0,2106,job finish
9963.081,4,2092,job finish
9965.033,2,2097,job finish
9966.317,3,2092,job finish
9966.317,4,2093,job start
9966.317,3,2093,job start
9966.317,2,2098,job start
9966.851,1,2101,job finish
9966.851,1,2102,job start
9966.851,0,2107,job start
9968.37,2,2098,job finish
9969.132,1,2102,job finish
9969.132,1,2103,job start
9970.507,0,2107,job finish
9970.507,0,2108,job start
9972.369,1,2103,job finish
9973.07,4,2093,job finish
9973.829,3,2093,job finish
9973.829,4,2094,job start
9973.829,3,2094,job start
9973.829,2,2099,job start
9973.829,1,2104,job start
9974.356,0,2108,job finish
9974.356,0,2109,job start
9976.539,1,2104,job finish
9976.747,0,2109,job finish
9976.816,4,2094,job finish
9976.992,2,2099,job finish
9986.221,3,2094,job finish
9986.221,4,2095,job start
9986.221,3,2095,job start
9986.221,2,2100,job start
9986.221,1,2105,job start
9986.221,0,2110,job start
9988.883,1,2105,job finish
9989.513,0,2110,job finish
9991.355,3,2095,job finish
9991.355,3,2096,job start
9991.601,2,2100,job finish
9991.601,2,2101,job start
9991.601,1,2106,job start
9991.601,0,2111,job start
9992.448,4,2095,job finish
9992.448,4,2096,job start
9994.395,3,2096,job finish
9994.395,3,2097,job start
9995.585,1,2106,job finish
9996.3,4,2096,job finish
9996.3,4,2097,job start
9996.345,0,2111,job finish
9997.252,3,2097,job finish
9997.252,3,2098,job start
